"Original.Reads"	"Filtered.Reads"	"Denoised.Reads"	"tabled"	"Non.chimeric.Reads"	"pseq"	"study"
"ETEC10.fwd"	130195	128962	128962	128962	118387	118387	"David"
"ETEC11.fwd"	113851	112789	112789	112789	107103	107103	"David"
"ETEC12.fwd"	159747	158515	158515	158515	141414	141414	"David"
"ETEC13.fwd"	109656	108904	108904	108904	99536	99536	"David"
"ETEC14.fwd"	88221	87612	87612	87612	82856	82856	"David"
"ETEC15.fwd"	234158	231771	231771	231771	225728	225726	"David"
"ETEC16.fwd"	91399	90475	90475	90475	89113	89113	"David"
"ETEC17.fwd"	141164	139428	139428	139428	131685	131685	"David"
"ETEC18.fwd"	86246	85229	85229	85229	80904	80904	"David"
"ETEC19.fwd"	95664	94716	94716	94716	91584	91584	"David"
"ETEC1.fwd"	148973	147587	147587	147587	141158	141158	"David"
"ETEC20.fwd"	196764	195682	195682	195682	187510	187510	"David"
"ETEC21.fwd"	205858	203904	203904	203904	201294	201289	"David"
"ETEC22.fwd"	213672	211276	211276	211276	207228	207228	"David"
"ETEC23.fwd"	66092	65546	65546	65546	59704	59704	"David"
"ETEC24.fwd"	147848	146918	146918	146918	135515	135515	"David"
"ETEC25.fwd"	128386	127487	127487	127487	118613	118567	"David"
"ETEC26.fwd"	171292	169071	169071	169071	162627	162536	"David"
"ETEC27.fwd"	214763	211759	211759	211759	201978	201894	"David"
"ETEC28.fwd"	227011	224945	224945	224945	220237	220235	"David"
"ETEC29.fwd"	285562	279454	279454	279454	263081	259909	"David"
"ETEC2.fwd"	222497	220154	220154	220154	201000	201000	"David"
"ETEC31.fwd"	149788	148742	148742	148742	142448	142448	"David"
"ETEC32.fwd"	99860	99184	99184	99184	92522	92522	"David"
"ETEC33.fwd"	178979	177533	177533	177533	167959	167959	"David"
"ETEC34.fwd"	135892	135060	135060	135060	127748	127748	"David"
"ETEC35.fwd"	227884	226396	226396	226396	224023	223947	"David"
"ETEC36.fwd"	233688	230483	230483	230483	214707	214681	"David"
"ETEC37.fwd"	189598	187870	187870	187870	181938	181928	"David"
"ETEC38.fwd"	161745	160464	160464	160464	152752	152752	"David"
"ETEC39.fwd"	88004	87258	87258	87258	83013	83013	"David"
"ETEC3.fwd"	88469	87637	87637	87637	79289	79289	"David"
"ETEC40.fwd"	151228	150502	150502	150502	144924	144924	"David"
"ETEC41.fwd"	65041	64444	64444	64444	61046	61046	"David"
"ETEC42.fwd"	177156	175586	175586	175586	165371	165371	"David"
"ETEC43.fwd"	133726	132760	132760	132760	127033	127019	"David"
"ETEC44.fwd"	162482	161508	161508	161508	152786	152744	"David"
"ETEC45.fwd"	93446	92454	92454	92454	87289	87289	"David"
"ETEC46.fwd"	118328	117726	117726	117726	111182	111182	"David"
"ETEC47.fwd"	169864	168565	168565	168565	157187	157178	"David"
"ETEC48.fwd"	223787	222200	222200	222200	218787	217900	"David"
"ETEC49.fwd"	196694	195112	195112	195112	188750	188699	"David"
"ETEC4.fwd"	194389	190990	190990	190990	175163	175163	"David"
"ETEC50.fwd"	228507	226732	226732	226732	211639	211639	"David"
"ETEC51.fwd"	307964	291072	291072	291072	273714	273647	"David"
"ETEC52.fwd"	159809	158709	158709	158709	149360	149293	"David"
"ETEC53.fwd"	89752	88904	88904	88904	85972	85941	"David"
"ETEC54.fwd"	197551	193942	193942	193942	177018	177018	"David"
"ETEC55.fwd"	184687	183088	183088	183088	175830	175830	"David"
"ETEC56.fwd"	175865	174447	174447	174447	165635	165624	"David"
"ETEC57.fwd"	226190	222211	222211	222211	219730	219730	"David"
"ETEC5.fwd"	383836	380143	380143	380143	373894	373833	"David"
"LD237.fwd"	237790	204521	204521	204521	192913	192913	"David"
"LD238.fwd"	240933	222132	222132	222132	217265	217215	"David"
"LD239.fwd"	249561	217656	217656	217656	212121	212061	"David"
"LD240.fwd"	126524	110476	110476	110476	103962	103958	"David"
"LD241.fwd"	84447	73680	73680	73680	71534	71509	"David"
"LD242.fwd"	88746	74776	74776	74776	71448	71403	"David"
"LD243.fwd"	105521	79675	79675	79675	73247	73239	"David"
"LD244.fwd"	80718	63475	63475	63475	61665	61654	"David"
"LD245.fwd"	99573	82349	82349	82349	73374	73358	"David"
"LD248.fwd"	113621	100029	100029	100029	95689	95640	"David"
"LD249.fwd"	80501	63271	63271	63271	58554	58554	"David"
"LD24.fwd"	232044	201349	201349	201349	179063	179063	"David"
"LD250.fwd"	88783	73940	73940	73940	72045	72031	"David"
"LD251.fwd"	126601	103023	103023	103023	95811	95515	"David"
"LD252.fwd"	77464	65175	65175	65175	63689	62172	"David"
"LD253.fwd"	218780	183427	183427	183427	174274	174254	"David"
"LD254.fwd"	109427	93391	93391	93391	90472	90465	"David"
"LD255.fwd"	161086	130364	130364	130364	120332	120298	"David"
"LD256.fwd"	152271	142008	142008	142008	129407	129404	"David"
"LD257.fwd"	85974	75674	75674	75674	70523	70520	"David"
"LD258.fwd"	111077	95628	95628	95628	87947	87947	"David"
"LD259.fwd"	245609	194751	194751	194751	179609	179609	"David"
"LD260.fwd"	121170	97193	97193	97193	92128	92103	"David"
"LD261.fwd"	153795	122716	122716	122716	115505	115502	"David"
"LD262.fwd"	156827	130372	130372	130372	124299	124282	"David"
"LD263.fwd"	135773	117433	117433	117433	108835	108809	"David"
"LD264.fwd"	116123	99345	99345	99345	93711	93694	"David"
"LD265.fwd"	106294	96730	96730	96730	94222	94145	"David"
"LD266.fwd"	103530	90258	90258	90258	86849	86849	"David"
"LD267.fwd"	118545	99464	99464	99464	94746	94746	"David"
"LD268.fwd"	46688	40110	40110	40110	38231	38229	"David"
"LD269.fwd"	48250	41548	41548	41548	39924	39924	"David"
"LD272.fwd"	152642	126924	126924	126924	116090	116090	"David"
"LD273.fwd"	201413	172289	172289	172289	161990	161922	"David"
"LD274.fwd"	255310	221401	221401	221401	208041	208030	"David"
"LD275.fwd"	106433	91312	91312	91312	88074	88034	"David"
"LD276.fwd"	242521	217306	217306	217306	204580	204411	"David"
"LD277.fwd"	180662	158388	158388	158388	151366	151352	"David"
"LD278.fwd"	140822	121972	121972	121972	116938	116919	"David"
"LD279.fwd"	449170	391485	391485	391485	368081	367703	"David"
"LD280.fwd"	96935	78253	78253	78253	73874	73872	"David"
"LD281.fwd"	56059	46634	46634	46634	45089	45082	"David"
"LD282.fwd"	136178	126200	126200	126200	120197	120188	"David"
"LD283.fwd"	80646	69830	69830	69830	66711	66687	"David"
"LD284.fwd"	76077	63457	63457	63457	59177	59177	"David"
"LD285.fwd"	58705	48810	48810	48810	45630	45428	"David"
"LD286.fwd"	55736	47910	47910	47910	46276	46276	"David"
"LD287.fwd"	152092	127659	127659	127659	120850	120835	"David"
"LD288.fwd"	97400	79805	79805	79805	75463	75455	"David"
"LD289.fwd"	90229	72452	72452	72452	67808	67800	"David"
"LD290.fwd"	93664	77477	77477	77477	71381	71378	"David"
"LD291.fwd"	92675	80820	80820	80820	78040	78020	"David"
"LD292.fwd"	62796	51792	51792	51792	48373	48354	"David"
"LD293.fwd"	55446	45602	45602	45602	44236	44236	"David"
"LD296.fwd"	82296	69690	69690	69690	64713	64708	"David"
"LD297.fwd"	55654	47841	47841	47841	44782	44777	"David"
"LD298.fwd"	61729	51694	51694	51694	49592	49588	"David"
"LD299.fwd"	84617	74700	74700	74700	71379	71379	"David"
"LD300.fwd"	81889	67283	67283	67283	64639	64631	"David"
"LD301.fwd"	79671	70778	70778	70778	65032	65032	"David"
"LD302.fwd"	105887	83739	83739	83739	78414	78414	"David"
"LD303.fwd"	95802	79651	79651	79651	74391	74391	"David"
"LD304.fwd"	160685	129503	129503	129503	121186	121147	"David"
"LD305.fwd"	143912	128839	128839	128839	122749	122749	"David"
"LD306.fwd"	94852	79888	79888	79888	77824	77824	"David"
"LD307.fwd"	85866	73967	73967	73967	70169	70169	"David"
"LD308.fwd"	129533	103545	103545	103545	99067	99063	"David"
"LD309.fwd"	132426	113494	113494	113494	109889	109889	"David"
"LD310.fwd"	67098	56885	56885	56885	55230	55230	"David"
"LD311.fwd"	142270	113244	113244	113244	108766	108766	"David"
"LD3.fwd"	233393	207976	207976	207976	205402	204345	"David"
"LD4.fwd"	246332	220043	220043	220043	214792	206545	"David"
"LD5.fwd"	187105	159694	159694	159694	152437	109604	"David"
"LD6.fwd"	203996	168565	168565	168565	156328	156162	"David"
"LD7.fwd"	254073	218118	218118	218118	198443	190751	"David"
"LD8.fwd"	211729	176063	176063	176063	159851	159838	"David"
"LD9.fwd"	231083	170165	170165	170165	154802	154798	"David"
"PreRx27.fwd"	352133	321086	321086	321086	302597	302549	"David"
"PreRx28.fwd"	323659	272132	272132	272132	245787	245727	"David"
"PreRx29.fwd"	389966	352727	352727	352727	337102	331309	"David"
"PreRx30.fwd"	405040	373743	373743	373743	343246	335654	"David"
"PreRx31.fwd"	477306	444372	444372	444372	429202	429015	"David"
"PreRx32.fwd"	432064	396579	396579	396579	358487	355984	"David"
"PreRx33.fwd"	348357	320154	320154	320154	299618	299607	"David"
"PreRx34.fwd"	358740	330747	330747	330747	295006	290595	"David"
"PreRx35.fwd"	374907	344069	344069	344069	330820	330665	"David"
"PreRx36.fwd"	466796	431929	431929	431929	425869	425860	"David"
