"Original.Reads"	"Filtered.Reads"	"Denoised.Reads"	"tabled"	"Non.chimeric.Reads"	"pseq"	"study"
"A01A_S1_L001_R1_001"	30884	30858	30858	30858	30544	30528	"deVries"
"A01B_S97_L001_R1_001"	20633	20622	20622	20622	20530	20530	"deVries"
"A01C_S193_L001_R1_001"	15457	15441	15441	15441	15379	15379	"deVries"
"A01D_S289_L001_R1_001"	26524	26510	26510	26510	26241	26235	"deVries"
"A02A_S2_L001_R1_001"	9883	9877	9877	9877	9853	9853	"deVries"
"A02B_S98_L001_R1_001"	7608	7607	7607	7607	7607	7607	"deVries"
"A02C_S194_L001_R1_001"	14615	14604	14604	14604	14526	14526	"deVries"
"A02D_S290_L001_R1_001"	13462	13459	13459	13459	13435	13435	"deVries"
"A03A_S3_L001_R1_001"	24786	24772	24772	24772	24607	24604	"deVries"
"A03B_S99_L001_R1_001"	13215	13205	13205	13205	13187	13187	"deVries"
"A03C_S195_L001_R1_001"	31503	31481	31481	31481	31227	31222	"deVries"
"A03D_S291_L001_R1_001"	17832	17817	17817	17817	17726	17724	"deVries"
"A04B_S100_L001_R1_001"	3783	3781	3781	3781	3764	3764	"deVries"
"A04C_S196_L001_R1_001"	29293	29271	29271	29271	29058	29050	"deVries"
"A04D_S292_L001_R1_001"	22528	22515	22515	22515	22377	22371	"deVries"
"A05A_S5_L001_R1_001"	18729	18712	18712	18712	18670	18670	"deVries"
"A05B_S101_L001_R1_001"	19357	19345	19345	19345	19247	19242	"deVries"
"A05C_S197_L001_R1_001"	20789	20778	20778	20778	20696	20696	"deVries"
"A05D_S293_L001_R1_001"	18812	18795	18795	18795	18693	18691	"deVries"
"A06A_S6_L001_R1_001"	26616	26607	26607	26607	26509	26509	"deVries"
"A06B_S102_L001_R1_001"	19322	19310	19310	19310	19217	19215	"deVries"
"A06C_S198_L001_R1_001"	26606	26587	26587	26587	26403	26380	"deVries"
"A06D_S294_L001_R1_001"	21333	21313	21313	21313	21238	21236	"deVries"
"A07A_S7_L001_R1_001"	30192	30170	30170	30170	29963	29963	"deVries"
"A07B_S103_L001_R1_001"	21862	21851	21851	21851	21721	21714	"deVries"
"A08A_S8_L001_R1_001"	27093	27079	27079	27079	26838	26834	"deVries"
"A08B_S104_L001_R1_001"	30300	30284	30284	30284	30065	30059	"deVries"
"A08C_S200_L001_R1_001"	18946	18938	18938	18938	18848	18846	"deVries"
"A09C_S201_L001_R1_001"	23129	23118	23118	23118	23034	23034	"deVries"
"A10C_S202_L001_R1_001"	23761	23746	23746	23746	23531	23518	"deVries"
"A11C_S203_L001_R1_001"	19648	19636	19636	19636	19472	19466	"deVries"
"B01A_S13_L001_R1_001"	36752	36720	36720	36720	36339	36335	"deVries"
"B01B_S109_L001_R1_001"	13870	13864	13864	13864	13798	13798	"deVries"
"B01C_S205_L001_R1_001"	12186	12180	12180	12180	12143	12140	"deVries"
"B01D_S301_L001_R1_001"	29479	29459	29459	29459	29199	29196	"deVries"
"B02A_S14_L001_R1_001"	6693	6690	6690	6690	6676	6676	"deVries"
"B02B_S110_L001_R1_001"	5647	5644	5644	5644	5628	5628	"deVries"
"B02C_S206_L001_R1_001"	11956	11947	11947	11947	11921	11921	"deVries"
"B02D_S302_L001_R1_001"	13124	13114	13114	13114	13072	13070	"deVries"
"B03A_S15_L001_R1_001"	5438	5437	5437	5437	5429	5429	"deVries"
"B03B_S111_L001_R1_001"	11874	11865	11865	11865	11843	11839	"deVries"
"B03C_S207_L001_R1_001"	27766	27747	27747	27747	27559	27559	"deVries"
"B03D_S303_L001_R1_001"	18217	18205	18205	18205	18116	18112	"deVries"
"B04B_S112_L001_R1_001"	3013	3011	3011	3011	2999	2999	"deVries"
"B04C_S208_L001_R1_001"	14206	14197	14197	14197	14175	14162	"deVries"
"B04D_S304_L001_R1_001"	27215	27196	27196	27196	27013	26945	"deVries"
"B05A_S17_L001_R1_001"	18635	18621	18621	18621	18521	18508	"deVries"
"B05B_S113_L001_R1_001"	10540	10536	10536	10536	10496	10494	"deVries"
"B05C_S209_L001_R1_001"	13036	13027	13027	13027	13000	13000	"deVries"
"B05D_S305_L001_R1_001"	24544	24520	24520	24520	24303	24301	"deVries"
"B06A_S18_L001_R1_001"	21027	21022	21022	21022	20962	20962	"deVries"
"B06B_S114_L001_R1_001"	11652	11640	11640	11640	11593	11593	"deVries"
"B06C_S210_L001_R1_001"	13228	13226	13226	13226	13185	13185	"deVries"
"B06D_S306_L001_R1_001"	21657	21634	21634	21634	21461	21459	"deVries"
"B07A_S19_L001_R1_001"	32452	32425	32425	32425	32084	32080	"deVries"
"B07B_S115_L001_R1_001"	21762	21743	21743	21743	21647	21640	"deVries"
"B08A_S20_L001_R1_001"	32008	31983	31983	31983	31545	31537	"deVries"
"B08B_S116_L001_R1_001"	21581	21560	21560	21560	21456	21453	"deVries"
"B08C_S212_L001_R1_001"	13786	13776	13776	13776	13739	13737	"deVries"
"B09C_S213_L001_R1_001"	15214	15207	15207	15207	15130	15116	"deVries"
"B10C_S214_L001_R1_001"	17925	17912	17912	17912	17874	17870	"deVries"
"B11C_S215_L001_R1_001"	15576	15563	15563	15563	15514	15514	"deVries"
"C01A_S25_L001_R1_001"	32433	32411	32411	32411	32103	32103	"deVries"
"C01B_S121_L001_R1_001"	19688	19682	19682	19682	19570	19570	"deVries"
"C01C_S217_L001_R1_001"	12116	12104	12104	12104	12053	12053	"deVries"
"C01D_S313_L001_R1_001"	34512	34499	34499	34499	34018	34013	"deVries"
"C02A_S26_L001_R1_001"	6916	6915	6915	6915	6895	6895	"deVries"
"C02B_S122_L001_R1_001"	8627	8621	8621	8621	8621	8621	"deVries"
"C02C_S218_L001_R1_001"	7318	7313	7313	7313	7313	7310	"deVries"
"C02D_S314_L001_R1_001"	16246	16233	16233	16233	16203	16203	"deVries"
"C03A_S27_L001_R1_001"	20322	20312	20312	20312	20248	20248	"deVries"
"C03B_S123_L001_R1_001"	17286	17276	17276	17276	17209	17209	"deVries"
"C03C_S219_L001_R1_001"	17409	17390	17390	17390	17361	17361	"deVries"
"C03D_S315_L001_R1_001"	20121	20112	20112	20112	20042	20038	"deVries"
"C04B_S124_L001_R1_001"	6206	6205	6205	6205	6181	6181	"deVries"
"C04C_S220_L001_R1_001"	10685	10676	10676	10676	10646	10646	"deVries"
"C04D_S316_L001_R1_001"	22451	22439	22439	22439	22249	22242	"deVries"
"C05A_S29_L001_R1_001"	15146	15138	15138	15138	15014	15012	"deVries"
"C05B_S125_L001_R1_001"	16228	16213	16213	16213	16143	16141	"deVries"
"C05C_S221_L001_R1_001"	15995	15986	15986	15986	15941	15941	"deVries"
"C05D_S317_L001_R1_001"	19409	19394	19394	19394	19309	19250	"deVries"
"C06A_S30_L001_R1_001"	23598	23583	23583	23583	23491	23487	"deVries"
"C06B_S126_L001_R1_001"	10723	10709	10709	10709	10662	10662	"deVries"
"C06C_S222_L001_R1_001"	29296	29274	29274	29274	29154	29142	"deVries"
"C06D_S318_L001_R1_001"	19770	19759	19759	19759	19666	19666	"deVries"
"C07A_S31_L001_R1_001"	18111	18094	18094	18094	18019	18019	"deVries"
"C07B_S127_L001_R1_001"	17490	17478	17478	17478	17377	17357	"deVries"
"C08A_S32_L001_R1_001"	25266	25248	25248	25248	24973	24968	"deVries"
"C08B_S128_L001_R1_001"	24561	24546	24546	24546	24398	24393	"deVries"
"C08C_S224_L001_R1_001"	17781	17763	17763	17763	17660	17656	"deVries"
"C09C_S225_L001_R1_001"	16353	16333	16333	16333	16320	16320	"deVries"
"C10C_S226_L001_R1_001"	16317	16301	16301	16301	16269	16269	"deVries"
"C11C_S227_L001_R1_001"	18954	18942	18942	18942	18762	18762	"deVries"
"D01A_S37_L001_R1_001"	29803	29791	29791	29791	29459	29444	"deVries"
"D01B_S133_L001_R1_001"	26483	26464	26464	26464	26235	26230	"deVries"
"D01C_S229_L001_R1_001"	15527	15509	15509	15509	15427	15425	"deVries"
"D01D_S325_L001_R1_001"	19044	19030	19030	19030	18953	18930	"deVries"
"D02A_S38_L001_R1_001"	8505	8498	8498	8498	8430	8430	"deVries"
"D02B_S134_L001_R1_001"	5798	5796	5796	5796	5772	5772	"deVries"
"D02C_S230_L001_R1_001"	11313	11303	11303	11303	11259	11259	"deVries"
"D02D_S326_L001_R1_001"	18564	18558	18558	18558	18472	18467	"deVries"
"D03A_S39_L001_R1_001"	20820	20804	20804	20804	20635	20624	"deVries"
"D03B_S135_L001_R1_001"	9921	9914	9914	9914	9867	9867	"deVries"
"D03C_S231_L001_R1_001"	15316	15310	15310	15310	15290	15290	"deVries"
"D03D_S327_L001_R1_001"	15181	15173	15173	15173	15055	15053	"deVries"
"D04C_S232_L001_R1_001"	23213	23198	23198	23198	23098	23095	"deVries"
"D04D_S328_L001_R1_001"	26957	26942	26942	26942	26777	26771	"deVries"
"D05A_S41_L001_R1_001"	8516	8513	8513	8513	8492	8490	"deVries"
"D05B_S137_L001_R1_001"	14313	14301	14301	14301	14217	14217	"deVries"
"D05C_S233_L001_R1_001"	17751	17740	17740	17740	17683	17680	"deVries"
"D05D_S329_L001_R1_001"	23622	23600	23600	23600	23419	23410	"deVries"
"D06A_S42_L001_R1_001"	4475	4470	4470	4470	4456	4456	"deVries"
"D06B_S138_L001_R1_001"	29569	29544	29544	29544	29273	29263	"deVries"
"D06C_S234_L001_R1_001"	30826	30803	30803	30803	30591	30588	"deVries"
"D06D_S330_L001_R1_001"	26147	26133	26133	26133	25982	25974	"deVries"
"D07A_S43_L001_R1_001"	17283	17274	17274	17274	17133	17121	"deVries"
"D07B_S139_L001_R1_001"	20678	20667	20667	20667	20525	20523	"deVries"
"D08A_S44_L001_R1_001"	17634	17624	17624	17624	17498	17494	"deVries"
"D08B_S140_L001_R1_001"	11809	11804	11804	11804	11777	11777	"deVries"
"D08C_S236_L001_R1_001"	28747	28716	28716	28716	28402	28400	"deVries"
"D09C_S237_L001_R1_001"	28710	28697	28697	28697	28559	28534	"deVries"
"D10C_S238_L001_R1_001"	15995	15988	15988	15988	15942	15942	"deVries"
"D11C_S239_L001_R1_001"	24017	24002	24002	24002	23859	23859	"deVries"
"E01A_S49_L001_R1_001"	27719	27701	27701	27701	27454	27454	"deVries"
"E01B_S145_L001_R1_001"	12165	12156	12156	12156	12093	12091	"deVries"
"E01C_S241_L001_R1_001"	14371	14359	14359	14359	14302	14300	"deVries"
"E01D_S337_L001_R1_001"	30579	30561	30561	30561	30156	30156	"deVries"
"E02A_S50_L001_R1_001"	3106	3104	3104	3104	3104	3104	"deVries"
"E02B_S146_L001_R1_001"	7832	7828	7828	7828	7820	7820	"deVries"
"E02C_S242_L001_R1_001"	9365	9361	9361	9361	9346	9346	"deVries"
"E02D_S338_L001_R1_001"	24532	24516	24516	24516	24306	24303	"deVries"
"E03A_S51_L001_R1_001"	23974	23960	23960	23960	23871	23871	"deVries"
"E03B_S147_L001_R1_001"	19931	19923	19923	19923	19879	19877	"deVries"
"E03D_S339_L001_R1_001"	22376	22360	22360	22360	22169	22161	"deVries"
"E04C_S244_L001_R1_001"	23410	23396	23396	23396	23283	23283	"deVries"
"E04D_S340_L001_R1_001"	24950	24935	24935	24935	24678	24662	"deVries"
"E05A_S53_L001_R1_001"	19260	19248	19248	19248	19150	19150	"deVries"
"E05B_S149_L001_R1_001"	10657	10651	10651	10651	10628	10628	"deVries"
"E05C_S245_L001_R1_001"	12782	12774	12774	12774	12727	12727	"deVries"
"E05D_S341_L001_R1_001"	27252	27229	27229	27229	26831	26771	"deVries"
"E06A_S54_L001_R1_001"	24462	24447	24447	24447	24208	24206	"deVries"
"E06B_S150_L001_R1_001"	8201	8194	8194	8194	8182	8174	"deVries"
"E06C_S246_L001_R1_001"	11743	11731	11731	11731	11697	11697	"deVries"
"E06D_S342_L001_R1_001"	27391	27377	27377	27377	27196	27193	"deVries"
"E07A_S55_L001_R1_001"	23898	23885	23885	23885	23696	23693	"deVries"
"E07B_S151_L001_R1_001"	22915	22907	22907	22907	22797	22791	"deVries"
"E08A_S56_L001_R1_001"	26703	26685	26685	26685	26454	26440	"deVries"
"E08B_S152_L001_R1_001"	23805	23785	23785	23785	23688	23688	"deVries"
"E08C_S248_L001_R1_001"	14821	14801	14801	14801	14656	14656	"deVries"
"E09C_S249_L001_R1_001"	26110	26101	26101	26101	25982	25982	"deVries"
"E10C_S250_L001_R1_001"	13163	13153	13153	13153	13122	13101	"deVries"
"E11C_S251_L001_R1_001"	16178	16167	16167	16167	16154	16152	"deVries"
"F01A_S61_L001_R1_001"	26846	26827	26827	26827	26675	26673	"deVries"
"F01B_S157_L001_R1_001"	16121	16112	16112	16112	16006	16004	"deVries"
"F01C_S253_L001_R1_001"	13528	13521	13521	13521	13459	13459	"deVries"
"F01D_S349_L001_R1_001"	29678	29661	29661	29661	29461	29457	"deVries"
"F02A_S62_L001_R1_001"	4367	4367	4367	4367	4344	4344	"deVries"
"F02B_S158_L001_R1_001"	4219	4214	4214	4214	4214	4214	"deVries"
"F02C_S254_L001_R1_001"	10601	10594	10594	10594	10579	10579	"deVries"
"F02D_S350_L001_R1_001"	22314	22301	22301	22301	22171	22164	"deVries"
"F03A_S63_L001_R1_001"	16497	16488	16488	16488	16424	16416	"deVries"
"F03B_S159_L001_R1_001"	21875	21865	21865	21865	21668	21666	"deVries"
"F03C_S255_L001_R1_001"	15327	15320	15320	15320	15287	15280	"deVries"
"F03D_S351_L001_R1_001"	26620	26600	26600	26600	26383	26372	"deVries"
"F04C_S256_L001_R1_001"	18184	18172	18172	18172	18086	18066	"deVries"
"F04D_S352_L001_R1_001"	24369	24352	24352	24352	24209	24161	"deVries"
"F05A_S65_L001_R1_001"	24697	24683	24683	24683	24593	24588	"deVries"
"F05B_S161_L001_R1_001"	19065	19054	19054	19054	18925	18920	"deVries"
"F05C_S257_L001_R1_001"	18241	18227	18227	18227	18142	18142	"deVries"
"F05D_S353_L001_R1_001"	25803	25790	25790	25790	25648	25638	"deVries"
"F06A_S66_L001_R1_001"	15535	15526	15526	15526	15444	15444	"deVries"
"F06B_S162_L001_R1_001"	27719	27699	27699	27699	27402	27393	"deVries"
"F06C_S258_L001_R1_001"	15492	15485	15485	15485	15441	15435	"deVries"
"F06D_S354_L001_R1_001"	29841	29821	29821	29821	29533	29528	"deVries"
"F07A_S67_L001_R1_001"	21125	21108	21108	21108	20961	20961	"deVries"
"F07B_S163_L001_R1_001"	25133	25115	25115	25115	24904	24902	"deVries"
"F08A_S68_L001_R1_001"	22599	22588	22588	22588	22383	22381	"deVries"
"F08B_S164_L001_R1_001"	14308	14297	14297	14297	14219	14219	"deVries"
"F08C_S260_L001_R1_001"	28527	28504	28504	28504	28406	28400	"deVries"
"F09C_S261_L001_R1_001"	17616	17599	17599	17599	17541	17536	"deVries"
"F10C_S262_L001_R1_001"	15572	15558	15558	15558	15479	15474	"deVries"
"F11C_S263_L001_R1_001"	26033	26023	26023	26023	25874	25872	"deVries"
"G01A_S73_L001_R1_001"	25702	25681	25681	25681	25477	25475	"deVries"
"G01B_S169_L001_R1_001"	15509	15499	15499	15499	15446	15446	"deVries"
"G01C_S265_L001_R1_001"	13411	13399	13399	13399	13355	13355	"deVries"
"G01D_S361_L001_R1_001"	18437	18427	18427	18427	18257	18257	"deVries"
"G02B_S170_L001_R1_001"	3515	3514	3514	3514	3514	3514	"deVries"
"G02C_S266_L001_R1_001"	8477	8469	8469	8469	8469	8469	"deVries"
"G02D_S362_L001_R1_001"	12663	12652	12652	12652	12585	12585	"deVries"
"G03A_S75_L001_R1_001"	8247	8240	8240	8240	8223	8223	"deVries"
"G03B_S171_L001_R1_001"	9637	9632	9632	9632	9586	9586	"deVries"
"G03C_S267_L001_R1_001"	12728	12722	12722	12722	12704	12704	"deVries"
"G03D_S363_L001_R1_001"	33091	33070	33070	33070	32744	32740	"deVries"
"G04C_S268_L001_R1_001"	13920	13906	13906	13906	13857	13857	"deVries"
"G04D_S364_L001_R1_001"	20961	20949	20949	20949	20723	20716	"deVries"
"G05A_S77_L001_R1_001"	4048	4046	4046	4046	4046	4046	"deVries"
"G05B_S173_L001_R1_001"	24308	24290	24290	24290	24086	24082	"deVries"
"G05C_S269_L001_R1_001"	24192	24180	24180	24180	23896	23891	"deVries"
"G05D_S365_L001_R1_001"	27139	27124	27124	27124	26869	26869	"deVries"
"G06A_S78_L001_R1_001"	21325	21311	21311	21311	21038	21038	"deVries"
"G06B_S174_L001_R1_001"	6745	6743	6743	6743	6732	6732	"deVries"
"G06C_S270_L001_R1_001"	24206	24191	24191	24191	23988	23901	"deVries"
"G06D_S366_L001_R1_001"	30218	30201	30201	30201	29943	29941	"deVries"
"G07A_S79_L001_R1_001"	3837	3833	3833	3833	3820	3817	"deVries"
"G07B_S175_L001_R1_001"	26273	26262	26262	26262	26064	26062	"deVries"
"G08A_S80_L001_R1_001"	21119	21106	21106	21106	20942	20936	"deVries"
"G08B_S176_L001_R1_001"	10532	10524	10524	10524	10499	10499	"deVries"
"G08C_S272_L001_R1_001"	16592	16585	16585	16585	16540	16534	"deVries"
"G09C_S273_L001_R1_001"	15627	15616	15616	15616	15530	15525	"deVries"
"G10C_S274_L001_R1_001"	12877	12875	12875	12875	12853	12850	"deVries"
"G11C_S275_L001_R1_001"	17046	17033	17033	17033	16965	16962	"deVries"
"H01A_S85_L001_R1_001"	21851	21836	21836	21836	21756	21754	"deVries"
"H01B_S181_L001_R1_001"	23525	23519	23519	23519	23259	23255	"deVries"
"H01D_S373_L001_R1_001"	23103	23084	23084	23084	22889	22887	"deVries"
"H02A_S86_L001_R1_001"	3522	3521	3521	3521	3501	3501	"deVries"
"H02C_S278_L001_R1_001"	9102	9099	9099	9099	9090	9090	"deVries"
"H02D_S374_L001_R1_001"	13215	13204	13204	13204	13159	13159	"deVries"
"H03A_S87_L001_R1_001"	8869	8863	8863	8863	8831	8829	"deVries"
"H03B_S183_L001_R1_001"	8278	8274	8274	8274	8247	8247	"deVries"
"H03C_S279_L001_R1_001"	10834	10827	10827	10827	10808	10808	"deVries"
"H03D_S375_L001_R1_001"	19499	19487	19487	19487	19302	19302	"deVries"
"H04C_S280_L001_R1_001"	17293	17285	17285	17285	17262	17262	"deVries"
"H04D_S376_L001_R1_001"	15367	15357	15357	15357	15291	15289	"deVries"
"H05A_S89_L001_R1_001"	26449	26426	26426	26426	26245	26245	"deVries"
"H05B_S185_L001_R1_001"	10630	10623	10623	10623	10597	10594	"deVries"
"H05C_S281_L001_R1_001"	21793	21778	21778	21778	21643	21643	"deVries"
"H05D_S377_L001_R1_001"	18997	18982	18982	18982	18918	18916	"deVries"
"H06A_S90_L001_R1_001"	16950	16942	16942	16942	16834	16817	"deVries"
"H06B_S186_L001_R1_001"	19495	19487	19487	19487	19386	19384	"deVries"
"H06C_S282_L001_R1_001"	19424	19416	19416	19416	19328	19328	"deVries"
"H06D_S378_L001_R1_001"	26442	26423	26423	26423	26136	26136	"deVries"
"H07A_S91_L001_R1_001"	18931	18919	18919	18919	18729	18724	"deVries"
"H07B_S187_L001_R1_001"	21035	21017	21017	21017	20949	20949	"deVries"
"H08A_S92_L001_R1_001"	15149	15140	15140	15140	15002	15002	"deVries"
"H08B_S188_L001_R1_001"	13544	13538	13538	13538	13507	13507	"deVries"
"H08C_S284_L001_R1_001"	13889	13876	13876	13876	13852	13848	"deVries"
"H09C_S285_L001_R1_001"	14716	14711	14711	14711	14690	14690	"deVries"
"H10C_S286_L001_R1_001"	13584	13576	13576	13576	13482	13482	"deVries"
"H11C_S287_L001_R1_001"	17564	17551	17551	17551	17464	17462	"deVries"
