"Original.Reads"	"Filtered.Reads"	"Denoised.Reads"	"tabled"	"Non.chimeric.Reads"	"pseq"	"study"
"100-V-1-2-4.join.fq.gz"	38487	38483	38483	38483	38000	38000	"study"
"101-V-2-1-4.join.fq.gz"	18301	18298	18298	18298	18289	18289	"study"
"102-V-2-2-4.join.fq.gz"	30606	30601	30601	30601	30601	30601	"study"
"103-V-3-1-4.join.fq.gz"	57146	57130	57130	57130	56144	56144	"study"
"104-V-4-1-4.join.fq.gz"	83995	83975	83975	83975	83574	83574	"study"
"105-V-5-1-4.join.fq.gz"	14103	14096	14096	14096	14096	14096	"study"
"106-V-5-2-4.join.fq.gz"	54392	54359	54359	54359	54340	54340	"study"
"107-V-1-1-8.join.fq.gz"	55482	55414	55414	55414	55257	55257	"study"
"108-V-1-2-8.join.fq.gz"	72573	72509	72509	72509	72055	72055	"study"
"109-V-2-1-8.join.fq.gz"	39656	39635	39635	39635	39404	39404	"study"
"10-II-4-1-0.join.fq.gz"	34141	34130	34130	34130	34130	34130	"study"
"110-V-2-2-8.join.fq.gz"	69459	69425	69425	69425	69260	69260	"study"
"111-V-4-1-8.join.fq.gz"	74305	74271	74271	74271	74223	74223	"study"
"112-V-5-1-8.join.fq.gz"	59388	59299	59299	59299	59277	59277	"study"
"113-V-5-2-8.join.fq.gz"	53174	53126	53126	53126	53055	53055	"study"
"114-V-1-1-10.join.fq.gz"	60776	60745	60745	60745	60443	60443	"study"
"115-V-1-2-10.join.fq.gz"	23507	23484	23484	23484	23411	23411	"study"
"116-V-2-1-10.join.fq.gz"	47333	47290	47290	47290	47290	47290	"study"
"117-V-2-2-10.join.fq.gz"	52161	52132	52132	52132	51852	51852	"study"
"118-V-3-1-10.join.fq.gz"	98243	98176	98176	98176	98134	98134	"study"
"119-V-4-1-10.join.fq.gz"	107738	107669	107669	107669	107546	107546	"study"
"11-II-4-2-0.join.fq.gz"	53098	53082	53082	53082	53077	53077	"study"
"120-V-5-1-10.join.fq.gz"	111965	111840	111840	111840	111751	111751	"study"
"121-V-5-2-10.join.fq.gz"	131801	131672	131672	131672	131262	131262	"study"
"122-V-1-1-12.join.fq.gz"	84627	84579	84579	84579	84555	84555	"study"
"123-V-1-2-12.join.fq.gz"	22027	22015	22015	22015	22015	22015	"study"
"124-V-2-1-12.join.fq.gz"	94614	94568	94568	94568	94410	94410	"study"
"125-V-2-2-12.join.fq.gz"	127190	127102	127102	127102	126833	126833	"study"
"126-V-3-1-12.join.fq.gz"	133792	133736	133736	133736	133531	133531	"study"
"127-V-5-1-12.join.fq.gz"	99327	99265	99265	99265	99141	99141	"study"
"128-V-5-2-12.join.fq.gz"	87039	87007	87007	87007	86941	86941	"study"
"129-V-1-1-16.join.fq.gz"	102259	102206	102206	102206	102011	102011	"study"
"12-II-5-1-0.join.fq.gz"	64579	64559	64559	64559	64559	64559	"study"
"130-V-1-2-16.join.fq.gz"	111579	111529	111529	111529	111360	111360	"study"
"131-V-2-1-16.join.fq.gz"	131149	131129	131129	131129	129987	129987	"study"
"132-V-2-2-16.join.fq.gz"	136403	136385	136385	136385	134609	134609	"study"
"133-V-3-1-16.join.fq.gz"	155504	155434	155434	155434	155087	155087	"study"
"134-V-4-1-16.join.fq.gz"	257303	257137	257137	257137	242758	242758	"study"
"135-V-5-1-16.join.fq.gz"	143116	143013	143013	143013	142737	142737	"study"
"136-V-5-2-16.join.fq.gz"	122706	122668	122668	122668	122512	122512	"study"
"137-V-1-1-20.join.fq.gz"	112515	112324	112324	112324	111704	111704	"study"
"138-V-1-2-20.join.fq.gz"	113152	113081	113081	113081	111568	111568	"study"
"139-V-2-1-20.join.fq.gz"	95100	94990	94990	94990	93727	93727	"study"
"13-II-3-2-2.join.fq.gz"	73548	73519	73519	73519	72883	72883	"study"
"140-V-2-2-20.join.fq.gz"	35884	35846	35846	35846	35689	35689	"study"
"141-V-3-1-20.join.fq.gz"	74927	74901	74901	74901	74804	74804	"study"
"142-V-5-1-20.join.fq.gz"	92471	92447	92447	92447	92258	92258	"study"
"143-V-5-2-20.join.fq.gz"	104199	104170	104170	104170	103958	103958	"study"
"144-IV-1-1-1.join.fq.gz"	51812	51804	51804	51804	51767	51767	"study"
"145-IV-1-2-1.join.fq.gz"	106015	105984	105984	105984	105977	105977	"study"
"146-IV-2-1-1.join.fq.gz"	108303	108269	108269	108269	108269	108269	"study"
"147-IV-2-2-1.join.fq.gz"	138779	138720	138720	138720	138038	138038	"study"
"148-IV-3-1-1.join.fq.gz"	77471	77430	77430	77430	77122	77122	"study"
"149-IV-4-1-1.join.fq.gz"	105299	105277	105277	105277	104744	104744	"study"
"14-II-5-1-2.join.fq.gz"	119757	119661	119661	119661	119367	119367	"study"
"150-IV-5-1-1.join.fq.gz"	158171	158127	158127	158127	157901	157901	"study"
"151-VI-1-2-1.join.fq.gz"	68159	68139	68139	68139	66626	66626	"study"
"152-VI-2-2-1.join.fq.gz"	62184	62133	62133	62133	62129	62129	"study"
"153-VI-3-1-1.join.fq.gz"	29209	29204	29204	29204	29199	29199	"study"
"154-VI-3-2-1.join.fq.gz"	119586	119502	119502	119502	118738	118738	"study"
"155-VI-5-1-1.join.fq.gz"	107702	107627	107627	107627	107526	107526	"study"
"156-IV-1-1-0.join.fq.gz"	76768	76740	76740	76740	76733	76733	"study"
"157-IV-1-2-0.join.fq.gz"	20337	20326	20326	20326	20326	20326	"study"
"158-IV-2-1-0.join.fq.gz"	72548	72508	72508	72508	72446	72446	"study"
"159-IV-2-2-0.join.fq.gz"	87202	87135	87135	87135	87103	87100	"study"
"15-II-1-1-1.join.fq.gz"	62793	62749	62749	62749	62662	62662	"study"
"160-IV-3-1-0.join.fq.gz"	134169	134077	134077	134077	133999	133999	"study"
"161-IV-4-1-0.join.fq.gz"	185045	184927	184927	184927	184795	184793	"study"
"162-IV-5-1-0.join.fq.gz"	91544	91496	91496	91496	91409	91409	"study"
"163-VI-1-2-0.join.fq.gz"	142922	142846	142846	142846	124617	124617	"study"
"164-VI-2-2-0.join.fq.gz"	168265	168137	168137	168137	165826	165826	"study"
"165-VI-3-1-0.join.fq.gz"	75963	75935	75935	75935	74795	74795	"study"
"166-VI-3-2-0.join.fq.gz"	107696	107637	107637	107637	107276	107276	"study"
"167-VI-5-1-0.join.fq.gz"	42749	42729	42729	42729	42723	42723	"study"
"168-IV-1-1-4.join.fq.gz"	80250	80212	80212	80212	80208	80208	"study"
"169-IV-1-2-4.join.fq.gz"	100590	100550	100550	100550	100522	100522	"study"
"16-II-1-2-1.join.fq.gz"	14536	14524	14524	14524	14524	14524	"study"
"170-IV-2-1-4.join.fq.gz"	28006	27996	27996	27996	27996	27996	"study"
"171-IV-2-2-4.join.fq.gz"	122225	122144	122144	122144	121502	121502	"study"
"172-IV-3-1-4.join.fq.gz"	94425	94381	94381	94381	94381	94381	"study"
"173-IV-4-1-4.join.fq.gz"	78806	78757	78757	78757	78757	78757	"study"
"174-IV-5-1-4.join.fq.gz"	58931	58914	58914	58914	58898	58898	"study"
"175-VI-1-2-4.join.fq.gz"	156705	156637	156637	156637	156444	156444	"study"
"176-VI-2-2-4.join.fq.gz"	131501	131462	131462	131462	130782	130782	"study"
"177-VI-3-1-4.join.fq.gz"	110293	110242	110242	110242	109629	109629	"study"
"178-VI-3-2-4.join.fq.gz"	117357	117324	117324	117324	116741	116741	"study"
"179-VI-5-1-4.join.fq.gz"	77021	76999	76999	76999	76999	76999	"study"
"17-II-3-1-1.join.fq.gz"	65657	65638	65638	65638	65490	65490	"study"
"180-VI-1-2-8.join.fq.gz"	14662	14638	14638	14638	14562	14562	"study"
"181-VI-2-2-8.join.fq.gz"	62601	62507	62507	62507	62112	62112	"study"
"182-VI-3-2-8.join.fq.gz"	76653	76561	76561	76561	76408	76408	"study"
"183-VI-5-1-8.join.fq.gz"	103993	103775	103775	103775	103208	103208	"study"
"18-II-5-2-1.join.fq.gz"	90882	90868	90868	90868	90863	90863	"study"
"19-II-1-1-0.join.fq.gz"	62227	62188	62188	62188	62188	62188	"study"
"1-II-2-1-1.join.fq.gz"	56065	56051	56051	56051	55887	55887	"study"
"20-II-1-2-0.join.fq.gz"	31005	30996	30996	30996	30996	30996	"study"
"21-II-3-1-0.join.fq.gz"	57544	57533	57533	57533	57533	57533	"study"
"22-II-5-2-0.join.fq.gz"	54212	54189	54189	54189	54189	54189	"study"
"23-II-1-1-2.join.fq.gz"	54105	54059	54059	54059	53946	53946	"study"
"24-II-1-2-2.join.fq.gz"	37593	37570	37570	37570	37570	37570	"study"
"25-II-5-2-2.join.fq.gz"	58467	58444	58444	58444	58198	58198	"study"
"26-II-1-1-4.join.fq.gz"	18347	18343	18343	18343	18312	18312	"study"
"27-II-1-2-4.join.fq.gz"	32379	32361	32361	32361	32299	32299	"study"
"28-II-3-1-4.join.fq.gz"	55685	55648	55648	55648	55091	55091	"study"
"29-II-5-2-4.join.fq.gz"	50760	50724	50724	50724	50300	50300	"study"
"2-II-2-2-1.join.fq.gz"	34361	34348	34348	34348	34348	34348	"study"
"30-II-1-1-6.join.fq.gz"	41418	41396	41396	41396	41396	41396	"study"
"31-II-1-2-6.join.fq.gz"	115254	115211	115211	115211	114971	114971	"study"
"32-II-3-1-6.join.fq.gz"	183047	182923	182923	182923	182434	182434	"study"
"33-II-5-2-6.join.fq.gz"	15693	15684	15684	15684	15678	15678	"study"
"34-III-1-1-1.join.fq.gz"	86	85	85	85	85	85	"study"
"35-III-1-2-1.join.fq.gz"	48720	48713	48713	48713	48278	48278	"study"
"36-III-2-2-1.join.fq.gz"	75817	75805	75805	75805	75518	75518	"study"
"37-III-4-1-1.join.fq.gz"	78453	78433	78433	78433	78322	78322	"study"
"38-III-4-2-1.join.fq.gz"	96227	96194	96194	96194	96077	96077	"study"
"39-III-5-1-1.join.fq.gz"	52716	52685	52685	52685	52596	52596	"study"
"3-II-3-2-1.join.fq.gz"	52937	52923	52923	52923	52851	52851	"study"
"40-III-5-2-1.join.fq.gz"	83645	83639	83639	83639	83452	83452	"study"
"41-III-1-1-0.join.fq.gz"	99291	99225	99225	99225	98568	98568	"study"
"42-III-1-2-0.join.fq.gz"	16074	16067	16067	16067	16005	16005	"study"
"43-III-2-2-0.join.fq.gz"	115504	115443	115443	115443	114684	114684	"study"
"44-III-4-1-0.join.fq.gz"	64018	63997	63997	63997	63997	63995	"study"
"45-III-4-2-0.join.fq.gz"	87677	87647	87647	87647	87624	87624	"study"
"46-III-5-1-0.join.fq.gz"	75120	75083	75083	75083	75083	75083	"study"
"47-III-5-2-0.join.fq.gz"	55441	55425	55425	55425	55380	55380	"study"
"48-III-1-1-2.join.fq.gz"	49216	49194	49194	49194	49088	49088	"study"
"49-III-1-2-2.join.fq.gz"	62710	62698	62698	62698	62681	62681	"study"
"4-II-4-1-1.join.fq.gz"	31534	31520	31520	31520	31422	31422	"study"
"50-III-2-2-2.join.fq.gz"	14115	14108	14108	14108	14108	14108	"study"
"51-III-4-1-2.join.fq.gz"	42747	42740	42740	42740	42737	42737	"study"
"52-III-4-2-2.join.fq.gz"	105	102	102	102	102	102	"study"
"53-III-5-1-2.join.fq.gz"	112	112	112	112	112	112	"study"
"54-III-5-2-2.join.fq.gz"	117887	117830	117830	117830	117801	117801	"study"
"55-III-1-1-4.join.fq.gz"	30712	30630	30630	30630	30610	30604	"study"
"56-III-1-2-4.join.fq.gz"	103674	103578	103578	103578	103553	103553	"study"
"57-III-2-2-4.join.fq.gz"	17991	17988	17988	17988	17985	17985	"study"
"58-III-4-1-4.join.fq.gz"	220	219	219	219	219	219	"study"
"59-III-4-2-4.join.fq.gz"	15131	15123	15123	15123	15123	15123	"study"
"5-II-4-2-1.join.fq.gz"	35147	35142	35142	35142	35114	35114	"study"
"60-III-5-1-4.join.fq.gz"	19246	19242	19242	19242	19242	19242	"study"
"61-III-5-2-4.join.fq.gz"	20304	20299	20299	20299	20299	20299	"study"
"62-III-1-1-6.join.fq.gz"	17125	17123	17123	17123	17123	17123	"study"
"63-III-1-2-6.join.fq.gz"	17705	17700	17700	17700	17700	17700	"study"
"64-III-2-2-6.join.fq.gz"	4691	4689	4689	4689	4689	4689	"study"
"65-III-4-1-6.join.fq.gz"	19889	19884	19884	19884	19884	19884	"study"
"66-III-4-2-6.join.fq.gz"	17	17	17	17	17	17	"study"
"67-III-5-1-6.join.fq.gz"	49722	49705	49705	49705	49700	49700	"study"
"68-III-5-2-6.join.fq.gz"	20206	20199	20199	20199	20199	20199	"study"
"69-III-1-1-10.join.fq.gz"	83489	83448	83448	83448	83157	83157	"study"
"6-II-5-1-1.join.fq.gz"	39713	39706	39706	39706	39632	39632	"study"
"70-III-1-2-10.join.fq.gz"	73465	73444	73444	73444	73226	73226	"study"
"71-III-2-2-10.join.fq.gz"	61074	61044	61044	61044	60900	60900	"study"
"72-III-4-1-10.join.fq.gz"	18495	18486	18486	18486	18482	18482	"study"
"73-III-4-2-10.join.fq.gz"	55857	55833	55833	55833	55833	55828	"study"
"74-III-5-1-10.join.fq.gz"	45428	45418	45418	45418	45418	45418	"study"
"75-III-5-2-10.join.fq.gz"	42629	42604	42604	42604	42604	42604	"study"
"76-III-1-1-14.join.fq.gz"	38446	38436	38436	38436	38436	38436	"study"
"77-III-1-2-14.join.fq.gz"	19799	19795	19795	19795	19795	19795	"study"
"78-III-2-2-14.join.fq.gz"	48964	48959	48959	48959	48943	48943	"study"
"79-III-4-1-14.join.fq.gz"	58432	58429	58429	58429	58318	58318	"study"
"7-II-2-1-0.join.fq.gz"	45678	45663	45663	45663	45249	45249	"study"
"80-III-4-2-14.join.fq.gz"	79837	79803	79803	79803	79751	79751	"study"
"81-III-5-1-14.join.fq.gz"	57655	57645	57645	57645	57628	57628	"study"
"82-III-5-2-14.join.fq.gz"	40045	40031	40031	40031	40031	40031	"study"
"83-V-1-1-1.join.fq.gz"	57769	57751	57751	57751	57703	57703	"study"
"84-V-1-2-1.join.fq.gz"	50902	50880	50880	50880	50495	50495	"study"
"85-V-2-1-1.join.fq.gz"	59386	59377	59377	59377	57525	57525	"study"
"86-V-2-2-1.join.fq.gz"	58177	58167	58167	58167	58111	58111	"study"
"87-V-3-1-1.join.fq.gz"	40927	40906	40906	40906	40865	40865	"study"
"88-V-4-1-1.join.fq.gz"	37405	37403	37403	37403	37398	37398	"study"
"89-V-5-1-1.join.fq.gz"	17948	17948	17948	17948	17940	17940	"study"
"8-II-2-2-0.join.fq.gz"	39550	39543	39543	39543	39367	39367	"study"
"90-V-5-2-1.join.fq.gz"	48751	48741	48741	48741	48718	48718	"study"
"91-V-1-1-0.join.fq.gz"	63028	63011	63011	63011	58139	58139	"study"
"92-V-1-2-0.join.fq.gz"	73824	73790	73790	73790	66083	66083	"study"
"93-V-2-1-0.join.fq.gz"	57623	57508	57508	57508	57272	57272	"study"
"94-V-2-2-0.join.fq.gz"	35646	35621	35621	35621	35378	35378	"study"
"95-V-3-1-0.join.fq.gz"	66185	66172	66172	66172	66172	66172	"study"
"96-V-4-1-0.join.fq.gz"	9408	9403	9403	9403	9403	9403	"study"
"97-V-5-1-0.join.fq.gz"	52195	52183	52183	52183	52183	52183	"study"
"98-V-5-2-0.join.fq.gz"	46285	46273	46273	46273	46250	46250	"study"
"99-V-1-1-4.join.fq.gz"	34292	34277	34277	34277	34108	34108	"study"
"9-II-3-2-0.join.fq.gz"	23211	23206	23206	23206	22808	22808	"study"
