"Original.Reads"	"Filtered.Reads"	"Denoised.Reads"	"tabled"	"Non.chimeric.Reads"	"pseq"	"study"
"OS-D0-29_S88_L001_R1_001.fastq"	59908	59880	59880	59880	59880	59702	"Flancman"
"OS-D28-10_S14_L001_R1_001.fastq"	126912	126859	126859	126859	126178	122167	"Flancman"
"OS-D28-11_S26_L001_R1_001.fastq"	115176	115118	115118	115118	114883	109870	"Flancman"
"OS-D28-12_S38_L001_R1_001.fastq"	56294	56237	56237	56237	55199	54201	"Flancman"
"OS-D28-13_S50_L001_R1_001.fastq"	90276	90241	90241	90241	90118	89439	"Flancman"
"OS-D28-14_S62_L001_R1_001.fastq"	75342	75280	75280	75280	75124	74417	"Flancman"
"OS-D28-15_S74_L001_R1_001.fastq"	126266	126155	126155	126155	126155	121475	"Flancman"
"OS-D28-16_S86_L001_R1_001.fastq"	82037	81979	81979	81979	81979	80530	"Flancman"
"OS-D28-17_S3_L001_R1_001.fastq"	151515	151454	151454	151454	150210	148085	"Flancman"
"OS-D28-18_S15_L001_R1_001.fastq"	240325	240208	240208	240208	227438	225304	"Flancman"
"OS-D28-19_S27_L001_R1_001.fastq"	246922	246827	246827	246827	245369	241293	"Flancman"
"OS-D28-1_S1_L001_R1_001.fastq"	199779	199668	199668	199668	199377	198995	"Flancman"
"OS-D28-20_S39_L001_R1_001.fastq"	124502	124433	124433	124433	124240	121891	"Flancman"
"OS-D28-21_S51_L001_R1_001.fastq"	103011	102958	102958	102958	102759	100005	"Flancman"
"OS-D28-23_S63_L001_R1_001.fastq"	205290	205156	205156	205156	203900	202060	"Flancman"
"OS-D28-24_S75_L001_R1_001.fastq"	89274	89237	89237	89237	87698	87336	"Flancman"
"OS-D28-26_S87_L001_R1_001.fastq"	96789	96747	96747	96747	96519	95985	"Flancman"
"OS-D28-27_S4_L001_R1_001.fastq"	138567	138487	138487	138487	138083	136216	"Flancman"
"OS-D28-28_S16_L001_R1_001.fastq"	234566	234293	234293	234293	233186	232106	"Flancman"
"OS-D28-29_S28_L001_R1_001.fastq"	137846	137790	137790	137790	137134	136837	"Flancman"
"OS-D28-2_S13_L001_R1_001.fastq"	286982	286810	286810	286810	285986	285650	"Flancman"
"OS-D28-30_S40_L001_R1_001.fastq"	192696	192653	192653	192653	192237	192033	"Flancman"
"OS-D28-31_S52_L001_R1_001.fastq"	203336	203257	203257	203257	202654	202287	"Flancman"
"OS-D28-32_S64_L001_R1_001.fastq"	133351	133269	133269	133269	133240	130778	"Flancman"
"OS-D28-3_S25_L001_R1_001.fastq"	150825	150668	150668	150668	149274	147418	"Flancman"
"OS-D28-4_S37_L001_R1_001.fastq"	225739	225602	225602	225602	224632	224033	"Flancman"
"OS-D28-5_S49_L001_R1_001.fastq"	146193	146113	146113	146113	142597	139316	"Flancman"
"OS-D28-6_S61_L001_R1_001.fastq"	124333	124259	124259	124259	122641	119518	"Flancman"
"OS-D28-7_S73_L001_R1_001.fastq"	179613	179469	179469	179469	179209	177363	"Flancman"
"OS-D28-8_S85_L001_R1_001.fastq"	173587	173505	173505	173505	173208	171000	"Flancman"
"OS-D28-9_S2_L001_R1_001.fastq"	105754	105656	105656	105656	105574	100553	"Flancman"
"OS-Pre-29_S76_L001_R1_001.fastq"	112726	112687	112687	112687	112563	112316	"Flancman"
"Plq-D0-10_S14_L001_R1_001.fastq"	113546	113511	113511	113511	113219	112968	"Flancman"
"Plq-D0-11_S26_L001_R1_001.fastq"	109822	109764	109764	109764	109186	109084	"Flancman"
"Plq-D0-12_S38_L001_R1_001.fastq"	160049	159991	159991	159991	159665	159319	"Flancman"
"Plq-D0-13_S50_L001_R1_001.fastq"	116769	116691	116691	116691	116498	114974	"Flancman"
"Plq-D0-14_S62_L001_R1_001.fastq"	120827	120750	120750	120750	119066	118992	"Flancman"
"Plq-D0-15_S74_L001_R1_001.fastq"	99016	99000	99000	99000	98806	98493	"Flancman"
"Plq-D0-16_S86_L001_R1_001.fastq"	114628	114590	114590	114590	114447	113737	"Flancman"
"Plq-D0-17_S3_L001_R1_001.fastq"	99229	99169	99169	99169	99044	98688	"Flancman"
"Plq-D0-18_S15_L001_R1_001.fastq"	105810	105753	105753	105753	105631	105553	"Flancman"
"Plq-D0-19_S27_L001_R1_001.fastq"	100979	100916	100916	100916	100903	100800	"Flancman"
"Plq-D0-1_S1_L001_R1_001.fastq"	116078	116041	116041	116041	114441	113253	"Flancman"
"Plq-D0-20_S39_L001_R1_001.fastq"	83366	83308	83308	83308	83197	82897	"Flancman"
"Plq-D0-21_S51_L001_R1_001.fastq"	108397	108342	108342	108342	108342	107951	"Flancman"
"Plq-D0-22_S63_L001_R1_001.fastq"	122784	122737	122737	122737	122638	122550	"Flancman"
"Plq-D0-23_S75_L001_R1_001.fastq"	117567	117519	117519	117519	117366	117231	"Flancman"
"Plq-D0-24_S87_L001_R1_001.fastq"	92374	92337	92337	92337	92171	91926	"Flancman"
"Plq-D0-25_S4_L001_R1_001.fastq"	100933	100887	100887	100887	100887	100749	"Flancman"
"Plq-D0-26_S16_L001_R1_001.fastq"	100472	100431	100431	100431	100272	100014	"Flancman"
"Plq-D0-27_S28_L001_R1_001.fastq"	109580	109551	109551	109551	109551	109355	"Flancman"
"Plq-D0-28_S40_L001_R1_001.fastq"	101343	101315	101315	101315	101315	101138	"Flancman"
"Plq-D0-29_S52_L001_R1_001.fastq"	100423	100399	100399	100399	100341	100261	"Flancman"
"Plq-D0-2_S13_L001_R1_001.fastq"	112781	112734	112734	112734	112725	112489	"Flancman"
"Plq-D0-30_S64_L001_R1_001.fastq"	112541	112488	112488	112488	112149	111993	"Flancman"
"Plq-D0-31_S76_L001_R1_001.fastq"	96166	96140	96140	96140	96046	95856	"Flancman"
"Plq-D0-32_S88_L001_R1_001.fastq"	104194	104139	104139	104139	104136	103934	"Flancman"
"Plq-D0-3_S25_L001_R1_001.fastq"	149748	149659	149659	149659	149659	148916	"Flancman"
"Plq-D0-4_S37_L001_R1_001.fastq"	104675	104628	104628	104628	104146	103997	"Flancman"
"Plq-D0-5_S49_L001_R1_001.fastq"	130199	130026	130026	130026	127471	107521	"Flancman"
"Plq-D0-6_S61_L001_R1_001.fastq"	128511	128492	128492	128492	128312	127920	"Flancman"
"Plq-D0-7_S73_L001_R1_001.fastq"	107774	107716	107716	107716	107584	107112	"Flancman"
"Plq-D0-8_S85_L001_R1_001.fastq"	100246	100206	100206	100206	100159	99957	"Flancman"
"Plq-D0-9_S2_L001_R1_001.fastq"	89315	89286	89286	89286	89211	88943	"Flancman"
"Plq-D28-10_S22_L001_R1_001.fastq"	80302	80232	80232	80232	79974	78198	"Flancman"
"Plq-D28-11_S34_L001_R1_001.fastq"	95335	95296	95296	95296	95296	95157	"Flancman"
"Plq-D28-12_S46_L001_R1_001.fastq"	109452	109408	109408	109408	109402	109303	"Flancman"
"Plq-D28-13_S58_L001_R1_001.fastq"	124086	124048	124048	124048	124007	123616	"Flancman"
"Plq-D28-14_S70_L001_R1_001.fastq"	112243	112191	112191	112191	111539	108720	"Flancman"
"Plq-D28-15_S82_L001_R1_001.fastq"	118066	118025	118025	118025	117768	117385	"Flancman"
"Plq-D28-16_S94_L001_R1_001.fastq"	108197	108161	108161	108161	108098	107410	"Flancman"
"Plq-D28-17_S11_L001_R1_001.fastq"	93313	93267	93267	93267	93121	92895	"Flancman"
"Plq-D28-18_S23_L001_R1_001.fastq"	102563	102520	102520	102520	102471	102100	"Flancman"
"Plq-D28-19_S35_L001_R1_001.fastq"	106440	106375	106375	106375	105991	105811	"Flancman"
"Plq-D28-1_S9_L001_R1_001.fastq"	125716	125653	125653	125653	125079	124780	"Flancman"
"Plq-D28-20_S47_L001_R1_001.fastq"	70113	70074	70074	70074	70043	68850	"Flancman"
"Plq-D28-21_S59_L001_R1_001.fastq"	111955	111911	111911	111911	111476	111231	"Flancman"
"Plq-D28-23_S71_L001_R1_001.fastq"	127528	127497	127497	127497	127448	127302	"Flancman"
"Plq-D28-24_S83_L001_R1_001.fastq"	116836	116795	116795	116795	116679	116023	"Flancman"
"Plq-D28-26_S95_L001_R1_001.fastq"	112736	112705	112705	112705	112705	112513	"Flancman"
"Plq-D28-27_S12_L001_R1_001.fastq"	110741	110669	110669	110669	110469	110024	"Flancman"
"Plq-D28-28_S24_L001_R1_001.fastq"	106613	106575	106575	106575	106482	106161	"Flancman"
"Plq-D28-29_S36_L001_R1_001.fastq"	78498	78446	78446	78446	77820	75632	"Flancman"
"Plq-D28-2_S21_L001_R1_001.fastq"	105606	105574	105574	105574	105542	105395	"Flancman"
"Plq-D28-30_S48_L001_R1_001.fastq"	127984	127923	127923	127923	126715	126589	"Flancman"
"Plq-D28-31_S60_L001_R1_001.fastq"	136356	136312	136312	136312	136229	134326	"Flancman"
"Plq-D28-32_S72_L001_R1_001.fastq"	78349	78323	78323	78323	78043	77464	"Flancman"
"Plq-D28-3_S33_L001_R1_001.fastq"	99258	99228	99228	99228	98535	98225	"Flancman"
"Plq-D28-4_S45_L001_R1_001.fastq"	70018	69979	69979	69979	69971	69751	"Flancman"
"Plq-D28-5_S57_L001_R1_001.fastq"	98216	98179	98179	98179	97457	96850	"Flancman"
"Plq-D28-6_S69_L001_R1_001.fastq"	127170	127127	127127	127127	126765	126276	"Flancman"
"Plq-D28-7_S81_L001_R1_001.fastq"	115839	115818	115818	115818	115818	115398	"Flancman"
"Plq-D28-8_S93_L001_R1_001.fastq"	105792	105748	105748	105748	105646	105348	"Flancman"
"Plq-D28-9_S10_L001_R1_001.fastq"	108619	108579	108579	108579	108359	107508	"Flancman"
"Plq-D7-10_S18_L001_R1_001.fastq"	118754	118730	118730	118730	118701	118628	"Flancman"
"Plq-D7-11_S30_L001_R1_001.fastq"	97415	97379	97379	97379	97197	97121	"Flancman"
"Plq-D7-12_S42_L001_R1_001.fastq"	107919	107850	107850	107850	107850	107800	"Flancman"
"Plq-D7-13_S54_L001_R1_001.fastq"	109176	109138	109138	109138	108943	108687	"Flancman"
"Plq-D7-14_S66_L001_R1_001.fastq"	129483	129414	129414	129414	129414	129307	"Flancman"
"Plq-D7-15_S78_L001_R1_001.fastq"	115429	115400	115400	115400	115400	115339	"Flancman"
"Plq-D7-16_S90_L001_R1_001.fastq"	106646	106617	106617	106617	106186	106140	"Flancman"
"Plq-D7-17_S7_L001_R1_001.fastq"	62737	62715	62715	62715	62715	62536	"Flancman"
"Plq-D7-18_S19_L001_R1_001.fastq"	111752	111701	111701	111701	111698	111540	"Flancman"
"Plq-D7-19_S31_L001_R1_001.fastq"	100971	100912	100912	100912	100870	100698	"Flancman"
"Plq-D7-1_S5_L001_R1_001.fastq"	103145	103109	103109	103109	102933	102204	"Flancman"
"Plq-D7-20_S43_L001_R1_001.fastq"	90146	90114	90114	90114	89939	89901	"Flancman"
"Plq-D7-21_S55_L001_R1_001.fastq"	117840	117792	117792	117792	117705	117460	"Flancman"
"Plq-D7-23_S67_L001_R1_001.fastq"	97831	97805	97805	97805	97628	97391	"Flancman"
"Plq-D7-24_S79_L001_R1_001.fastq"	95833	95803	95803	95803	95803	95447	"Flancman"
"Plq-D7-26_S91_L001_R1_001.fastq"	97173	97115	97115	97115	96573	94054	"Flancman"
"Plq-D7-27_S8_L001_R1_001.fastq"	21169	21155	21155	21155	21155	21051	"Flancman"
"Plq-D7-28_S20_L001_R1_001.fastq"	115155	115116	115116	115116	115079	114760	"Flancman"
"Plq-D7-29_S32_L001_R1_001.fastq"	110509	110468	110468	110468	110285	108884	"Flancman"
"Plq-D7-2_S17_L001_R1_001.fastq"	93379	93353	93353	93353	93146	93043	"Flancman"
"Plq-D7-30_S44_L001_R1_001.fastq"	110617	110545	110545	110545	110226	110082	"Flancman"
"Plq-D7-31_S56_L001_R1_001.fastq"	31218	31197	31197	31197	31182	30392	"Flancman"
"Plq-D7-32_S68_L001_R1_001.fastq"	53155	53125	53125	53125	53033	52356	"Flancman"
"Plq-D7-3_S29_L001_R1_001.fastq"	100981	100951	100951	100951	99205	99095	"Flancman"
"Plq-D7-4_S41_L001_R1_001.fastq"	90180	90152	90152	90152	90067	89522	"Flancman"
"Plq-D7-5_S53_L001_R1_001.fastq"	117492	117450	117450	117450	117072	116852	"Flancman"
"Plq-D7-6_S65_L001_R1_001.fastq"	119943	119919	119919	119919	118466	117981	"Flancman"
"Plq-D7-7_S77_L001_R1_001.fastq"	94159	94127	94127	94127	94127	93998	"Flancman"
"Plq-D7-8_S89_L001_R1_001.fastq"	117525	117438	117438	117438	116596	113604	"Flancman"
"Plq-D7-9_S6_L001_R1_001.fastq"	101077	101031	101031	101031	100996	100940	"Flancman"
"SW-D0-10_S18_L001_R1_001.fastq"	78503	78478	78478	78478	78342	78304	"Flancman"
"SW-D0-11_S30_L001_R1_001.fastq"	112372	112343	112343	112343	111730	111669	"Flancman"
"SW-D0-1_S5_L001_R1_001.fastq"	166078	166063	166063	166063	166063	165978	"Flancman"
"SW-D0-23_S79_L001_R1_001.fastq"	132867	132851	132851	132851	132812	132773	"Flancman"
"SW-D0-24_S91_L001_R1_001.fastq"	120263	120247	120247	120247	120031	119994	"Flancman"
"SW-D0-25_S8_L001_R1_001.fastq"	132363	132315	132315	132315	131961	131836	"Flancman"
"SW-D0-26_S20_L001_R1_001.fastq"	122518	122472	122472	122472	122204	122150	"Flancman"
"SW-D0-27_S32_L001_R1_001.fastq"	90745	90726	90726	90726	90701	90681	"Flancman"
"SW-D0-28_S44_L001_R1_001.fastq"	123294	123263	123263	123263	123216	123208	"Flancman"
"SW-D0-29_S56_L001_R1_001.fastq"	347	346	346	346	346	346	"Flancman"
"SW-D0-2_S17_L001_R1_001.fastq"	114618	114587	114587	114587	114488	114340	"Flancman"
"SW-D0-30_S68_L001_R1_001.fastq"	139167	139127	139127	139127	139127	139115	"Flancman"
"SW-D0-31_S80_L001_R1_001.fastq"	123752	123729	123729	123729	123485	123446	"Flancman"
"SW-D0-32_S92_L001_R1_001.fastq"	85115	85092	85092	85092	84752	84693	"Flancman"
"SW-D0-3_S29_L001_R1_001.fastq"	123067	123044	123044	123044	123000	122965	"Flancman"
"SW-D0-4_S41_L001_R1_001.fastq"	105226	105209	105209	105209	105209	105185	"Flancman"
"SW-D0-5_S53_L001_R1_001.fastq"	140648	140637	140637	140637	140606	140595	"Flancman"
"SW-D0-6_S65_L001_R1_001.fastq"	125554	125534	125534	125534	125534	125504	"Flancman"
"SW-D0-7_S77_L001_R1_001.fastq"	121124	121085	121085	121085	121085	121052	"Flancman"
"SW-D0-8_S89_L001_R1_001.fastq"	127902	127888	127888	127888	127888	127829	"Flancman"
"SW-D0-9_S6_L001_R1_001.fastq"	136744	136701	136701	136701	136632	136489	"Flancman"
"SW-D7-10_S22_L001_R1_001.fastq"	148095	148050	148050	148050	147399	147355	"Flancman"
"SW-D7-11_S34_L001_R1_001.fastq"	120602	120574	120574	120574	120473	120426	"Flancman"
"SW-D7-12_S46_L001_R1_001.fastq"	141730	141632	141632	141632	141509	140875	"Flancman"
"SW-D7-13_S58_L001_R1_001.fastq"	162443	162372	162372	162372	161963	161715	"Flancman"
"SW-D7-14_S70_L001_R1_001.fastq"	120649	120592	120592	120592	120359	120330	"Flancman"
"SW-D7-15_S82_L001_R1_001.fastq"	103567	103529	103529	103529	103184	103091	"Flancman"
"SW-D7-16_S94_L001_R1_001.fastq"	100174	100150	100150	100150	100067	99999	"Flancman"
"SW-D7-17_S11_L001_R1_001.fastq"	140495	140419	140419	140419	140136	139948	"Flancman"
"SW-D7-18_S23_L001_R1_001.fastq"	169964	169888	169888	169888	169008	168908	"Flancman"
"SW-D7-19_S35_L001_R1_001.fastq"	137704	137680	137680	137680	137583	137535	"Flancman"
"SW-D7-1_S9_L001_R1_001.fastq"	156654	156592	156592	156592	156324	156259	"Flancman"
"SW-D7-20_S47_L001_R1_001.fastq"	128453	128415	128415	128415	128257	128249	"Flancman"
"SW-D7-21_S59_L001_R1_001.fastq"	117445	117384	117384	117384	117300	117253	"Flancman"
"SW-D7-23_S71_L001_R1_001.fastq"	77599	77573	77573	77573	77364	77326	"Flancman"
"SW-D7-24_S83_L001_R1_001.fastq"	105051	105000	105000	105000	104810	104798	"Flancman"
"SW-D7-26_S95_L001_R1_001.fastq"	104329	104291	104291	104291	104178	104093	"Flancman"
"SW-D7-27_S12_L001_R1_001.fastq"	106224	106194	106194	106194	106073	106035	"Flancman"
"SW-D7-28_S24_L001_R1_001.fastq"	88579	88561	88561	88561	88466	88419	"Flancman"
"SW-D7-29_S36_L001_R1_001.fastq"	116346	116318	116318	116318	116183	116144	"Flancman"
"SW-D7-2_S21_L001_R1_001.fastq"	134505	134451	134451	134451	134193	134140	"Flancman"
"SW-D7-30_S48_L001_R1_001.fastq"	110751	110712	110712	110712	110636	110595	"Flancman"
"SW-D7-31_S60_L001_R1_001.fastq"	119023	118998	118998	118998	118960	118941	"Flancman"
"SW-D7-32_S72_L001_R1_001.fastq"	124138	124094	124094	124094	123967	123923	"Flancman"
"SW-D7-3_S33_L001_R1_001.fastq"	123671	123604	123604	123604	123440	123324	"Flancman"
"SW-D7-4_S45_L001_R1_001.fastq"	145513	145489	145489	145489	145489	145431	"Flancman"
"SW-D7-5_S57_L001_R1_001.fastq"	130091	130045	130045	130045	129742	129632	"Flancman"
"SW-D7-6_S69_L001_R1_001.fastq"	129034	128989	128989	128989	128866	128743	"Flancman"
"SW-D7-7_S81_L001_R1_001.fastq"	107006	106984	106984	106984	106984	106946	"Flancman"
"SW-D7-8_S93_L001_R1_001.fastq"	125744	125710	125710	125710	125604	125555	"Flancman"
"SW-D7-9_S10_L001_R1_001.fastq"	97099	97081	97081	97081	96996	96902	"Flancman"
"SW-Pre-10_S14_L001_R1_001.fastq"	181365	181293	181293	181293	181105	180279	"Flancman"
"SW-Pre-11_S26_L001_R1_001.fastq"	137258	137202	137202	137202	136972	136587	"Flancman"
"SW-Pre-12_S38_L001_R1_001.fastq"	126514	126445	126445	126445	126393	126048	"Flancman"
"SW-Pre-13_S50_L001_R1_001.fastq"	128258	128194	128194	128194	128150	127710	"Flancman"
"SW-Pre-14_S62_L001_R1_001.fastq"	121714	121674	121674	121674	120686	120550	"Flancman"
"SW-Pre-15_S74_L001_R1_001.fastq"	125773	125712	125712	125712	125651	124861	"Flancman"
"SW-Pre-16_S86_L001_R1_001.fastq"	108263	108230	108230	108230	108048	107705	"Flancman"
"SW-Pre-17_S3_L001_R1_001.fastq"	130862	130798	130798	130798	130798	130690	"Flancman"
"SW-Pre-18_S15_L001_R1_001.fastq"	164743	164653	164653	164653	164590	164089	"Flancman"
"SW-Pre-19_S27_L001_R1_001.fastq"	144598	144541	144541	144541	143824	143546	"Flancman"
"SW-Pre-1_S1_L001_R1_001.fastq"	121291	121156	121156	121156	121012	119768	"Flancman"
"SW-Pre-20_S39_L001_R1_001.fastq"	132664	132591	132591	132591	132448	131583	"Flancman"
"SW-Pre-21_S51_L001_R1_001.fastq"	187281	187211	187211	187211	186786	186236	"Flancman"
"SW-Pre-22_S63_L001_R1_001.fastq"	122817	122761	122761	122761	122683	122267	"Flancman"
"SW-Pre-23_S75_L001_R1_001.fastq"	108399	108350	108350	108350	107685	106944	"Flancman"
"SW-Pre-24_S87_L001_R1_001.fastq"	94620	94603	94603	94603	94497	94444	"Flancman"
"SW-Pre-25_S4_L001_R1_001.fastq"	188497	188417	188417	188417	184024	183757	"Flancman"
"SW-Pre-26_S16_L001_R1_001.fastq"	164496	164431	164431	164431	163214	163007	"Flancman"
"SW-Pre-27_S28_L001_R1_001.fastq"	169990	169920	169920	169920	169532	169341	"Flancman"
"SW-Pre-28_S40_L001_R1_001.fastq"	176591	176538	176538	176538	176176	175943	"Flancman"
"SW-Pre-29_S52_L001_R1_001.fastq"	285853	285780	285780	285780	285531	285092	"Flancman"
"SW-Pre-2_S13_L001_R1_001.fastq"	168776	168702	168702	168702	168188	167091	"Flancman"
"SW-Pre-30_S64_L001_R1_001.fastq"	89742	89685	89685	89685	89214	89003	"Flancman"
"SW-Pre-31_S76_L001_R1_001.fastq"	98347	98294	98294	98294	98245	97946	"Flancman"
"SW-Pre-32_S88_L001_R1_001.fastq"	104314	104260	104260	104260	103790	103069	"Flancman"
"SW-Pre-3_S25_L001_R1_001.fastq"	139040	138987	138987	138987	138750	138072	"Flancman"
"SW-Pre-4_S37_L001_R1_001.fastq"	120583	120536	120536	120536	120337	119912	"Flancman"
"SW-Pre-5_S49_L001_R1_001.fastq"	140983	140923	140923	140923	140570	140200	"Flancman"
"SW-Pre-6_S61_L001_R1_001.fastq"	118059	118021	118021	118021	117874	117518	"Flancman"
"SW-Pre-7_S73_L001_R1_001.fastq"	130535	130462	130462	130462	130232	129781	"Flancman"
"SW-Pre-8_S85_L001_R1_001.fastq"	106605	106558	106558	106558	106413	105970	"Flancman"
"SW-Pre-9_S2_L001_R1_001.fastq"	130140	130056	130056	130056	129283	128542	"Flancman"
