"Original.Reads"	"Filtered.Reads"	"Denoised.Reads"	"tabled"	"Non.chimeric.Reads"	"pseq"	"study"
"276.001_R1"	20787	20780	20780	20780	20754	19129	"Jurburg_Pig"
"276.002_R1"	14925	14918	14918	14918	14821	14801	"Jurburg_Pig"
"276.003_R1"	16023	16019	16019	16019	16013	15542	"Jurburg_Pig"
"276.004_R1"	17036	17031	17031	17031	16997	16877	"Jurburg_Pig"
"276.005_R1"	23262	23250	23250	23250	23230	23200	"Jurburg_Pig"
"276.006_R1"	11305	11297	11297	11297	11244	11135	"Jurburg_Pig"
"276.007_R1"	17056	17051	17051	17051	17041	16646	"Jurburg_Pig"
"276.008_R1"	22544	22519	22519	22519	22251	22171	"Jurburg_Pig"
"276.009_R1"	102969	102893	102893	102893	101332	101255	"Jurburg_Pig"
"276.010_R1"	90641	90604	90604	90604	88848	86951	"Jurburg_Pig"
"276.013_R1"	47303	47289	47289	47289	46658	46467	"Jurburg_Pig"
"276.014_R1"	70332	70289	70289	70289	69855	65873	"Jurburg_Pig"
"276.015_R1"	79524	79503	79503	79503	78786	78752	"Jurburg_Pig"
"276.016_R1"	97218	97162	97162	97162	96227	96215	"Jurburg_Pig"
"276.017_R1"	67351	67328	67328	67328	66611	63110	"Jurburg_Pig"
"276.018_R1"	27107	27087	27087	27087	27006	25701	"Jurburg_Pig"
"276.019_R1"	116123	116081	116081	116081	115675	114451	"Jurburg_Pig"
"276.020_R1"	91946	91874	91874	91874	88307	88294	"Jurburg_Pig"
"276.021_R1"	135227	135190	135190	135190	133018	131444	"Jurburg_Pig"
"276.022_R1"	55474	55425	55425	55425	54948	54833	"Jurburg_Pig"
"276.025_R1"	108977	108935	108935	108935	108452	106791	"Jurburg_Pig"
"276.026_R1"	95820	95766	95766	95766	94565	88587	"Jurburg_Pig"
"276.027_R1"	161967	161914	161914	161914	160049	159577	"Jurburg_Pig"
"276.028_R1"	100860	100827	100827	100827	99837	99826	"Jurburg_Pig"
"276.029_R1"	129668	129607	129607	129607	128093	127242	"Jurburg_Pig"
"276.030_R1"	101723	101694	101694	101694	100407	99551	"Jurburg_Pig"
"276.031_R1"	113009	112955	112955	112955	109825	106995	"Jurburg_Pig"
"276.032_R1"	103664	103624	103624	103624	101183	100053	"Jurburg_Pig"
"276.033_R1"	106682	106625	106625	106625	103219	102509	"Jurburg_Pig"
"276.034_R1"	80309	80277	80277	80277	79158	76911	"Jurburg_Pig"
"276.037_R1"	33500	33476	33476	33476	32807	32799	"Jurburg_Pig"
"276.038_R1"	156947	156841	156841	156841	151049	151049	"Jurburg_Pig"
"276.039_R1"	181780	181691	181691	181691	177300	176318	"Jurburg_Pig"
"276.040_R1"	126988	126850	126850	126850	122881	122881	"Jurburg_Pig"
"276.041_R1"	132529	132500	132500	132500	129652	124354	"Jurburg_Pig"
"276.042_R1"	40908	40889	40889	40889	40328	40318	"Jurburg_Pig"
"276.043_R1"	17987	17976	17976	17976	17656	17656	"Jurburg_Pig"
"276.044_R1"	44932	44892	44892	44892	44308	43478	"Jurburg_Pig"
"276.045_R1"	107143	107050	107050	107050	103465	103465	"Jurburg_Pig"
"276.046_R1"	102606	102562	102562	102562	100960	98687	"Jurburg_Pig"
"276.049_R1"	27095	27069	27069	27069	26238	26235	"Jurburg_Pig"
"276.050_R1"	41699	41677	41677	41677	40652	40652	"Jurburg_Pig"
"276.051_R1"	93721	93661	93661	93661	90403	90403	"Jurburg_Pig"
"276.052_R1"	20294	20270	20270	20270	20058	19988	"Jurburg_Pig"
"276.053_R1"	53914	53863	53863	53863	51734	51730	"Jurburg_Pig"
"276.054_R1"	18802	18798	18798	18798	18585	18582	"Jurburg_Pig"
"276.055_R1"	100861	100833	100833	100833	98898	98793	"Jurburg_Pig"
"276.056_R1"	92228	92182	92182	92182	89948	89895	"Jurburg_Pig"
"276.057_R1"	102092	102011	102011	102011	97416	97284	"Jurburg_Pig"
"276.058_R1"	78724	78672	78672	78672	75590	75584	"Jurburg_Pig"
"276.061_R1"	135491	135435	135435	135435	134291	132672	"Jurburg_Pig"
"276.062_R1"	201829	201730	201730	201730	187289	183360	"Jurburg_Pig"
"276.063_R1"	152462	152422	152422	152422	150439	147828	"Jurburg_Pig"
"276.064_R1"	128679	128632	128632	128632	123420	121817	"Jurburg_Pig"
"276.065_R1"	180318	180242	180242	180242	176560	171713	"Jurburg_Pig"
"276.066_R1"	125497	125420	125420	125420	124108	122279	"Jurburg_Pig"
"276.067_R1"	160302	160215	160215	160215	157272	155415	"Jurburg_Pig"
"276.068_R1"	49355	49327	49327	49327	48484	48132	"Jurburg_Pig"
"276.069_R1"	165481	165384	165384	165384	157422	156270	"Jurburg_Pig"
"276.070_R1"	34236	34225	34225	34225	33721	33254	"Jurburg_Pig"
"276.073_R1"	28218	28206	28206	28206	28005	27923	"Jurburg_Pig"
"276.074_R1"	26437	26424	26424	26424	26020	25852	"Jurburg_Pig"
"276.075_R1"	33955	33939	33939	33939	33916	33144	"Jurburg_Pig"
"276.076_R1"	29571	29541	29541	29541	29157	29152	"Jurburg_Pig"
"276.077_R1"	17037	17036	17036	17036	16960	16516	"Jurburg_Pig"
"276.078_R1"	10884	10874	10874	10874	10874	10761	"Jurburg_Pig"
"276.079_R1"	30582	30564	30564	30564	30540	29965	"Jurburg_Pig"
"276.080_R1"	18209	18198	18198	18198	18150	17984	"Jurburg_Pig"
"276.081_R1"	26044	26030	26030	26030	25881	25505	"Jurburg_Pig"
"276.082_R1"	32642	32631	32631	32631	32242	31886	"Jurburg_Pig"
"276.085_R1"	98094	98077	98077	98077	96482	95169	"Jurburg_Pig"
"276.086_R1"	34037	34029	34029	34029	33620	33413	"Jurburg_Pig"
"276.087_R1"	56359	56331	56331	56331	55345	55041	"Jurburg_Pig"
"276.088_R1"	28723	28705	28705	28705	27889	27340	"Jurburg_Pig"
"276.089_R1"	39637	39632	39632	39632	39321	38957	"Jurburg_Pig"
"276.091_R1"	159294	159188	159188	159188	156419	154179	"Jurburg_Pig"
"276.093_R1"	17657	17655	17655	17655	17655	17655	"Jurburg_Pig"
"276.193_R1"	50970	50942	50942	50942	48751	48451	"Jurburg_Pig"
"276.194_R1"	12718	12711	12711	12711	12658	12452	"Jurburg_Pig"
"276.195_R1"	19825	19812	19812	19812	19688	19461	"Jurburg_Pig"
"276.196_R1"	28815	28790	28790	28790	28563	28530	"Jurburg_Pig"
"276.197_R1"	47732	47707	47707	47707	47242	44955	"Jurburg_Pig"
"276.198_R1"	13707	13704	13704	13704	13661	13243	"Jurburg_Pig"
"276.199_R1"	14817	14815	14815	14815	14651	14159	"Jurburg_Pig"
"276.200_R1"	13203	13198	13198	13198	13111	12885	"Jurburg_Pig"
"276.201_R1"	12615	12611	12611	12611	12490	12328	"Jurburg_Pig"
"276.202_R1"	10485	10482	10482	10482	10463	9161	"Jurburg_Pig"
"276.205_R1"	19110	19103	19103	19103	19012	18683	"Jurburg_Pig"
"276.206_R1"	14088	14080	14080	14080	13752	13684	"Jurburg_Pig"
"276.207_R1"	16156	16151	16151	16151	15927	15829	"Jurburg_Pig"
"276.208_R1"	15836	15829	15829	15829	15779	15374	"Jurburg_Pig"
"276.209_R1"	39463	39444	39444	39444	38731	37852	"Jurburg_Pig"
"276.210_R1"	34218	34210	34210	34210	33351	31571	"Jurburg_Pig"
"276.211_R1"	19003	18994	18994	18994	18751	18364	"Jurburg_Pig"
"276.212_R1"	13886	13879	13879	13879	13579	13544	"Jurburg_Pig"
"276.213_R1"	22144	22139	22139	22139	21852	20739	"Jurburg_Pig"
"276.214_R1"	9687	9684	9684	9684	9650	9002	"Jurburg_Pig"
"276.217_R1"	18474	18460	18460	18460	18418	18143	"Jurburg_Pig"
"276.218_R1"	12557	12551	12551	12551	12529	12375	"Jurburg_Pig"
"276.219_R1"	17689	17678	17678	17678	17574	17427	"Jurburg_Pig"
"276.220_R1"	14386	14372	14372	14372	14312	14250	"Jurburg_Pig"
"276.221_R1"	19075	19065	19065	19065	18981	18776	"Jurburg_Pig"
"276.222_R1"	13810	13799	13799	13799	13799	13523	"Jurburg_Pig"
"276.223_R1"	24626	24616	24616	24616	24198	23681	"Jurburg_Pig"
"276.224_R1"	24119	24110	24110	24110	23674	23492	"Jurburg_Pig"
"276.225_R1"	29081	29064	29064	29064	28237	27973	"Jurburg_Pig"
"276.226_R1"	13459	13456	13456	13456	13447	13151	"Jurburg_Pig"
"276.229_R1"	18214	18210	18210	18210	17976	17248	"Jurburg_Pig"
"276.230_R1"	10801	10798	10798	10798	10528	10286	"Jurburg_Pig"
"276.231_R1"	24384	24372	24372	24372	24125	23251	"Jurburg_Pig"
"276.232_R1"	9900	9896	9896	9896	9795	9631	"Jurburg_Pig"
"276.233_R1"	21163	21146	21146	21146	21105	19951	"Jurburg_Pig"
"276.234_R1"	18013	18009	18009	18009	17813	17215	"Jurburg_Pig"
"276.235_R1"	21355	21339	21339	21339	20827	20197	"Jurburg_Pig"
"276.236_R1"	9074	9068	9068	9068	9006	8589	"Jurburg_Pig"
"276.237_R1"	17183	17180	17180	17180	16837	16421	"Jurburg_Pig"
"276.238_R1"	8820	8815	8815	8815	8798	8025	"Jurburg_Pig"
"276.241_R1"	19447	19442	19442	19442	19176	18109	"Jurburg_Pig"
"276.242_R1"	15917	15909	15909	15909	15532	15372	"Jurburg_Pig"
"276.243_R1"	17964	17957	17957	17957	17381	17262	"Jurburg_Pig"
"276.244_R1"	18726	18721	18721	18721	18577	17589	"Jurburg_Pig"
"276.245_R1"	23389	23384	23384	23384	22932	21669	"Jurburg_Pig"
"276.246_R1"	10203	10202	10202	10202	10171	9789	"Jurburg_Pig"
"276.247_R1"	28276	28251	28251	28251	27317	26824	"Jurburg_Pig"
"276.248_R1"	9849	9845	9845	9845	9786	9629	"Jurburg_Pig"
"276.249_R1"	10618	10615	10615	10615	10366	10053	"Jurburg_Pig"
"276.250_R1"	13249	13245	13245	13245	13097	12515	"Jurburg_Pig"
"276.253_R1"	13015	13008	13008	13008	12880	12611	"Jurburg_Pig"
"276.254_R1"	10275	10272	10272	10272	10183	10004	"Jurburg_Pig"
"276.255_R1"	12346	12342	12342	12342	12255	12116	"Jurburg_Pig"
"276.256_R1"	15507	15494	15494	15494	15382	15206	"Jurburg_Pig"
"276.257_R1"	13719	13709	13709	13709	13668	13549	"Jurburg_Pig"
"276.258_R1"	10480	10473	10473	10473	10428	10288	"Jurburg_Pig"
"276.259_R1"	14564	14558	14558	14558	14223	14043	"Jurburg_Pig"
"276.260_R1"	16121	16110	16110	16110	15936	15775	"Jurburg_Pig"
"276.261_R1"	18234	18210	18210	18210	17618	17363	"Jurburg_Pig"
"276.262_R1"	14112	14108	14108	14108	13965	13571	"Jurburg_Pig"
"276.265_R1"	16553	16553	16553	16553	15904	15166	"Jurburg_Pig"
"276.266_R1"	9257	9255	9255	9255	9177	8906	"Jurburg_Pig"
"276.267_R1"	9779	9777	9777	9777	9767	9288	"Jurburg_Pig"
"276.268_R1"	12104	12104	12104	12104	12084	11846	"Jurburg_Pig"
"276.269_R1"	12440	12433	12433	12433	12327	10273	"Jurburg_Pig"
"276.270_R1"	8475	8472	8472	8472	8428	8236	"Jurburg_Pig"
"276.271_R1"	25145	25128	25128	25128	24229	23938	"Jurburg_Pig"
"276.272_R1"	6861	6857	6857	6857	6850	6810	"Jurburg_Pig"
"276.273_R1"	11309	11305	11305	11305	10945	10886	"Jurburg_Pig"
"276.274_R1"	10579	10574	10574	10574	10159	10088	"Jurburg_Pig"
"276.277_R1"	33990	33984	33984	33984	32480	31337	"Jurburg_Pig"
"276.278_R1"	19529	19520	19520	19520	18581	18332	"Jurburg_Pig"
"276.279_R1"	16247	16238	16238	16238	15749	15674	"Jurburg_Pig"
"276.280_R1"	18258	18256	18256	18256	17731	16827	"Jurburg_Pig"
"276.281_R1"	18550	18546	18546	18546	17951	17372	"Jurburg_Pig"
"276.282_R1"	14793	14789	14789	14789	14730	13774	"Jurburg_Pig"
"276.285_R1"	5429	5429	5429	5429	5429	5429	"Jurburg_Pig"
"276.289_R1"	18359	18351	18351	18351	17846	17100	"Jurburg_Pig"
"276.290_R1"	16444	16440	16440	16440	16215	15805	"Jurburg_Pig"
"276.291_R1"	21431	21422	21422	21422	21245	20312	"Jurburg_Pig"
"276.292_R1"	28063	28051	28051	28051	27534	27014	"Jurburg_Pig"
"276.293_R1"	34552	34524	34524	34524	33600	30550	"Jurburg_Pig"
"276.294_R1"	38664	38650	38650	38650	37007	36397	"Jurburg_Pig"
"276.295_R1"	42823	42812	42812	42812	41534	40758	"Jurburg_Pig"
"276.296_R1"	45219	45203	45203	45203	44477	42446	"Jurburg_Pig"
"276.297_R1"	43448	43424	43424	43424	42091	41994	"Jurburg_Pig"
"276.298_R1"	43835	43789	43789	43789	42046	40910	"Jurburg_Pig"
"276.301_R1"	14404	14397	14397	14397	14203	13913	"Jurburg_Pig"
"276.302_R1"	9873	9866	9866	9866	9768	9511	"Jurburg_Pig"
"276.303_R1"	15294	15282	15282	15282	14996	14723	"Jurburg_Pig"
"276.304_R1"	60557	60546	60546	60546	55344	54777	"Jurburg_Pig"
"276.305_R1"	24704	24696	24696	24696	23672	23346	"Jurburg_Pig"
"276.306_R1"	17415	17403	17403	17403	17208	16941	"Jurburg_Pig"
"276.307_R1"	19893	19860	19860	19860	19651	18996	"Jurburg_Pig"
"276.308_R1"	19386	19373	19373	19373	19184	18828	"Jurburg_Pig"
"276.309_R1"	17796	17793	17793	17793	17069	16724	"Jurburg_Pig"
"276.310_R1"	25681	25661	25661	25661	24960	24828	"Jurburg_Pig"
"276.313_R1"	21989	21980	21980	21980	21877	20942	"Jurburg_Pig"
"276.314_R1"	13733	13725	13725	13725	13677	12636	"Jurburg_Pig"
"276.315_R1"	22606	22596	22596	22596	21607	21378	"Jurburg_Pig"
"276.316_R1"	28411	28397	28397	28397	27649	27347	"Jurburg_Pig"
"276.317_R1"	91411	91326	91326	91326	84023	83394	"Jurburg_Pig"
"276.318_R1"	39762	39738	39738	39738	39299	37452	"Jurburg_Pig"
"276.319_R1"	59210	59178	59178	59178	57018	55649	"Jurburg_Pig"
"276.320_R1"	60560	60532	60532	60532	57446	56988	"Jurburg_Pig"
"276.321_R1"	79373	79344	79344	79344	77125	75298	"Jurburg_Pig"
"276.322_R1"	113148	113083	113083	113083	109954	108922	"Jurburg_Pig"
"276.325_R1"	9679	9677	9677	9677	9493	9344	"Jurburg_Pig"
"276.326_R1"	16937	16929	16929	16929	16521	16476	"Jurburg_Pig"
"276.327_R1"	13810	13803	13803	13803	13757	13420	"Jurburg_Pig"
"276.328_R1"	24597	24575	24575	24575	24357	24315	"Jurburg_Pig"
"276.329_R1"	23726	23698	23698	23698	23405	22872	"Jurburg_Pig"
"276.330_R1"	27661	27646	27646	27646	26989	26024	"Jurburg_Pig"
"276.331_R1"	20689	20681	20681	20681	20334	20244	"Jurburg_Pig"
"276.332_R1"	17336	17329	17329	17329	17226	16841	"Jurburg_Pig"
"276.333_R1"	14588	14575	14575	14575	14509	14491	"Jurburg_Pig"
"276.334_R1"	11744	11733	11733	11733	11660	11396	"Jurburg_Pig"
"276.337_R1"	21156	21140	21140	21140	21057	20730	"Jurburg_Pig"
"276.338_R1"	16185	16159	16159	16159	16005	15725	"Jurburg_Pig"
"276.339_R1"	18793	18778	18778	18778	18423	18386	"Jurburg_Pig"
"276.340_R1"	20219	20215	20215	20215	19913	19687	"Jurburg_Pig"
"276.341_R1"	23803	23782	23782	23782	22912	22796	"Jurburg_Pig"
"276.342_R1"	13673	13666	13666	13666	13317	13027	"Jurburg_Pig"
"276.343_R1"	21770	21749	21749	21749	21512	21234	"Jurburg_Pig"
"276.344_R1"	10865	10858	10858	10858	10521	10514	"Jurburg_Pig"
"276.345_R1"	15510	15508	15508	15508	15142	14799	"Jurburg_Pig"
"276.346_R1"	17862	17845	17845	17845	17441	17331	"Jurburg_Pig"
"276.349_R1"	19726	19719	19719	19719	19660	19132	"Jurburg_Pig"
"276.350_R1"	10718	10718	10718	10718	10577	10396	"Jurburg_Pig"
"276.351_R1"	14582	14579	14579	14579	14302	14188	"Jurburg_Pig"
"276.352_R1"	15469	15463	15463	15463	15417	15105	"Jurburg_Pig"
"276.353_R1"	19271	19261	19261	19261	19038	18932	"Jurburg_Pig"
"276.354_R1"	9771	9767	9767	9767	9749	9515	"Jurburg_Pig"
"276.355_R1"	12579	12576	12576	12576	12536	12078	"Jurburg_Pig"
"276.356_R1"	16775	16768	16768	16768	16530	16429	"Jurburg_Pig"
"276.357_R1"	12794	12785	12785	12785	12728	12569	"Jurburg_Pig"
"276.358_R1"	11505	11499	11499	11499	11472	11361	"Jurburg_Pig"
"276.361_R1"	14298	14295	14295	14295	13759	13319	"Jurburg_Pig"
"276.362_R1"	16414	16410	16410	16410	16124	15993	"Jurburg_Pig"
"276.363_R1"	20219	20214	20214	20214	20047	19421	"Jurburg_Pig"
"276.364_R1"	20593	20587	20587	20587	20402	20343	"Jurburg_Pig"
"276.365_R1"	19448	19412	19412	19412	19270	18791	"Jurburg_Pig"
"276.366_R1"	10783	10777	10777	10777	10728	10400	"Jurburg_Pig"
"276.367_R1"	46352	46314	46314	46314	45326	44247	"Jurburg_Pig"
"276.368_R1"	10911	10907	10907	10907	10706	10642	"Jurburg_Pig"
"276.369_R1"	12373	12369	12369	12369	12256	12121	"Jurburg_Pig"
"276.370_R1"	11460	11453	11453	11453	11430	11366	"Jurburg_Pig"
"276.373_R1"	15665	15643	15643	15643	15381	15081	"Jurburg_Pig"
"276.374_R1"	9653	9651	9651	9651	9589	9440	"Jurburg_Pig"
"276.375_R1"	12840	12832	12832	12832	12354	12323	"Jurburg_Pig"
"276.376_R1"	12215	12211	12211	12211	11922	11810	"Jurburg_Pig"
"276.377_R1"	22159	22129	22129	22129	21047	20980	"Jurburg_Pig"
"276.378_R1"	11625	11623	11623	11623	11598	10446	"Jurburg_Pig"
"276.379_R1"	7970	7956	7956	7956	7956	7942	"Jurburg_Pig"
"276.381_R1"	6965	6965	6965	6965	6965	6965	"Jurburg_Pig"
"276.385_R1"	21689	21687	21687	21687	20641	19743	"Jurburg_Pig"
"276.386_R1"	18151	18141	18141	18141	17954	17816	"Jurburg_Pig"
"276.387_R1"	15060	15056	15056	15056	14968	14096	"Jurburg_Pig"
"276.388_R1"	19360	19342	19342	19342	19177	19103	"Jurburg_Pig"
"276.389_R1"	17010	16998	16998	16998	16972	16100	"Jurburg_Pig"
"276.390_R1"	20222	20214	20214	20214	18904	18602	"Jurburg_Pig"
"276.391_R1"	17291	17275	17275	17275	16963	16874	"Jurburg_Pig"
"276.392_R1"	19052	19044	19044	19044	18868	18229	"Jurburg_Pig"
"276.393_R1"	22592	22573	22573	22573	21824	21766	"Jurburg_Pig"
"276.394_R1"	18506	18485	18485	18485	18415	17708	"Jurburg_Pig"
"276.397_R1"	16379	16366	16366	16366	16313	15925	"Jurburg_Pig"
"276.398_R1"	16468	16462	16462	16462	15892	15716	"Jurburg_Pig"
"276.399_R1"	15130	15127	15127	15127	14632	14569	"Jurburg_Pig"
"276.400_R1"	19826	19820	19820	19820	19247	18772	"Jurburg_Pig"
"276.401_R1"	16294	16282	16282	16282	16034	15972	"Jurburg_Pig"
"276.402_R1"	14159	14153	14153	14153	14052	13838	"Jurburg_Pig"
"276.403_R1"	18821	18815	18815	18815	18574	18210	"Jurburg_Pig"
"276.404_R1"	16809	16802	16802	16802	16064	16026	"Jurburg_Pig"
"276.405_R1"	19420	19414	19414	19414	18805	18683	"Jurburg_Pig"
"276.406_R1"	17324	17308	17308	17308	16942	16915	"Jurburg_Pig"
"276.409_R1"	21092	21082	21082	21082	20820	20318	"Jurburg_Pig"
"276.410_R1"	15108	15095	15095	15095	14417	14279	"Jurburg_Pig"
"276.411_R1"	18182	18170	18170	18170	17767	17572	"Jurburg_Pig"
"276.412_R1"	19410	19384	19384	19384	19110	18672	"Jurburg_Pig"
"276.413_R1"	19452	19444	19444	19444	19216	19042	"Jurburg_Pig"
"276.414_R1"	16075	16069	16069	16069	15972	15414	"Jurburg_Pig"
"276.415_R1"	16147	16143	16143	16143	15401	15152	"Jurburg_Pig"
"276.416_R1"	16863	16848	16848	16848	16551	16348	"Jurburg_Pig"
"276.417_R1"	14704	14697	14697	14697	14650	14150	"Jurburg_Pig"
"276.418_R1"	17019	17012	17012	17012	16611	16537	"Jurburg_Pig"
"276.421_R1"	20955	20946	20946	20946	20669	19887	"Jurburg_Pig"
"276.424_R1"	9714	9711	9711	9711	9711	9711	"Jurburg_Pig"
"280.001_R1"	38259	38251	38251	38251	36564	36443	"Jurburg_Pig"
"280.002_R1"	37951	37939	37939	37939	36659	35694	"Jurburg_Pig"
"280.003_R1"	59893	59877	59877	59877	59690	57111	"Jurburg_Pig"
"280.004_R1"	49958	49947	49947	49947	49371	47924	"Jurburg_Pig"
"280.005_R1"	58297	58277	58277	58277	57196	55258	"Jurburg_Pig"
"280.006_R1"	32843	32834	32834	32834	32436	32187	"Jurburg_Pig"
"280.007_R1"	46527	46516	46516	46516	45254	40820	"Jurburg_Pig"
"280.008_R1"	39237	39231	39231	39231	37416	32521	"Jurburg_Pig"
"280.009_R1"	69122	69108	69108	69108	67260	63755	"Jurburg_Pig"
"280.010_R1"	24485	24480	24480	24480	23812	23079	"Jurburg_Pig"
"280.013_R1"	36868	36861	36861	36861	36522	35662	"Jurburg_Pig"
"280.014_R1"	54504	54489	54489	54489	53719	53481	"Jurburg_Pig"
"280.015_R1"	49428	49412	49412	49412	49007	48671	"Jurburg_Pig"
"280.016_R1"	55448	55426	55426	55426	54910	54576	"Jurburg_Pig"
"280.017_R1"	208276	208218	208218	208218	202948	196224	"Jurburg_Pig"
"280.018_R1"	182055	182022	182022	182022	168405	165145	"Jurburg_Pig"
"280.019_R1"	56429	56423	56423	56423	53587	51553	"Jurburg_Pig"
"280.020_R1"	41463	41452	41452	41452	37996	37003	"Jurburg_Pig"
"280.021_R1"	38852	38841	38841	38841	37069	35842	"Jurburg_Pig"
"280.022_R1"	114527	114505	114505	114505	103944	101169	"Jurburg_Pig"
"280.025_R1"	58225	58214	58214	58214	55180	53915	"Jurburg_Pig"
"280.026_R1"	41584	41577	41577	41577	39049	31351	"Jurburg_Pig"
"280.027_R1"	39298	39290	39290	39290	37927	34388	"Jurburg_Pig"
"280.028_R1"	38127	38119	38119	38119	36912	29514	"Jurburg_Pig"
"280.029_R1"	56923	56915	56915	56915	52161	51196	"Jurburg_Pig"
"280.030_R1"	34060	34049	34049	34049	33758	32670	"Jurburg_Pig"
"280.031_R1"	28657	28644	28644	28644	28586	27515	"Jurburg_Pig"
"280.032_R1"	28826	28823	28823	28823	28245	23954	"Jurburg_Pig"
"280.033_R1"	31799	31790	31790	31790	31630	28097	"Jurburg_Pig"
"280.034_R1"	29559	29552	29552	29552	28273	28070	"Jurburg_Pig"
"280.037_R1"	72553	72519	72519	72519	69491	69139	"Jurburg_Pig"
"280.038_R1"	41625	41622	41622	41622	39634	36570	"Jurburg_Pig"
"280.039_R1"	39170	39156	39156	39156	37981	37830	"Jurburg_Pig"
"280.040_R1"	35080	35070	35070	35070	33829	33297	"Jurburg_Pig"
"280.041_R1"	38757	38743	38743	38743	37645	37042	"Jurburg_Pig"
"280.042_R1"	28824	28817	28817	28817	28360	28066	"Jurburg_Pig"
"280.043_R1"	45308	45299	45299	45299	44527	43238	"Jurburg_Pig"
"280.045_R1"	25246	25241	25241	25241	24546	24339	"Jurburg_Pig"
"280.046_R1"	34892	34883	34883	34883	34154	33327	"Jurburg_Pig"
"280.049_R1"	24823	24810	24810	24810	24545	23715	"Jurburg_Pig"
"280.050_R1"	32908	32901	32901	32901	32469	31039	"Jurburg_Pig"
"280.051_R1"	49584	49573	49573	49573	49189	44100	"Jurburg_Pig"
"280.052_R1"	96538	96526	96526	96526	95339	90150	"Jurburg_Pig"
"280.053_R1"	35785	35776	35776	35776	34787	34036	"Jurburg_Pig"
"280.054_R1"	25467	25462	25462	25462	25216	24607	"Jurburg_Pig"
"280.055_R1"	81999	81965	81965	81965	80063	77457	"Jurburg_Pig"
"280.056_R1"	22773	22764	22764	22764	22442	21683	"Jurburg_Pig"
"280.057_R1"	29508	29502	29502	29502	29323	27665	"Jurburg_Pig"
"280.058_R1"	39239	39225	39225	39225	38104	37362	"Jurburg_Pig"
"280.061_R1"	34172	34163	34163	34163	33174	32875	"Jurburg_Pig"
"280.062_R1"	78931	78912	78912	78912	74823	70794	"Jurburg_Pig"
"280.063_R1"	21699	21692	21692	21692	21595	21307	"Jurburg_Pig"
"280.064_R1"	32740	32731	32731	32731	31621	31186	"Jurburg_Pig"
"280.065_R1"	250043	250005	250005	250005	241338	233547	"Jurburg_Pig"
"280.066_R1"	33078	33061	33061	33061	32847	32379	"Jurburg_Pig"
"280.067_R1"	29782	29774	29774	29774	29499	28297	"Jurburg_Pig"
"280.068_R1"	84923	84903	84903	84903	81854	81211	"Jurburg_Pig"
"280.069_R1"	25870	25860	25860	25860	25171	24940	"Jurburg_Pig"
"280.070_R1"	25126	25121	25121	25121	24960	24162	"Jurburg_Pig"
"280.073_R1"	72698	72675	72675	72675	70088	67489	"Jurburg_Pig"
"280.074_R1"	65670	65650	65650	65650	64601	62144	"Jurburg_Pig"
"280.075_R1"	45071	45055	45055	45055	44611	42733	"Jurburg_Pig"
"280.076_R1"	54902	54888	54888	54888	54022	50645	"Jurburg_Pig"
"280.077_R1"	30561	30555	30555	30555	29786	28983	"Jurburg_Pig"
"280.079_R1"	131689	131656	131656	131656	129038	127314	"Jurburg_Pig"
"280.081_R1"	31480	31477	31477	31477	31477	31477	"Jurburg_Pig"
"280.085_R1"	37551	37547	37547	37547	36438	36318	"Jurburg_Pig"
"280.086_R1"	13100	13097	13097	13097	13038	13014	"Jurburg_Pig"
"280.087_R1"	93312	93294	93294	93294	89858	89435	"Jurburg_Pig"
"280.088_R1"	224268	224205	224205	224205	200193	197776	"Jurburg_Pig"
"280.089_R1"	71208	71197	71197	71197	66629	64325	"Jurburg_Pig"
"280.193_R1"	18997	18979	18979	18979	18886	17721	"Jurburg_Pig"
"280.194_R1"	9191	9184	9184	9184	9184	8239	"Jurburg_Pig"
"280.195_R1"	20160	20151	20151	20151	20136	19129	"Jurburg_Pig"
"280.196_R1"	29093	29088	29088	29088	28913	27329	"Jurburg_Pig"
"280.197_R1"	40289	40265	40265	40265	37973	37304	"Jurburg_Pig"
"280.198_R1"	9321	9318	9318	9318	9297	8347	"Jurburg_Pig"
"280.199_R1"	13267	13262	13262	13262	13225	12616	"Jurburg_Pig"
"280.200_R1"	39101	39080	39080	39080	38162	37367	"Jurburg_Pig"
"280.201_R1"	29163	29156	29156	29156	28864	25165	"Jurburg_Pig"
"280.202_R1"	10800	10794	10794	10794	10481	10371	"Jurburg_Pig"
"280.205_R1"	17079	17077	17077	17077	17077	16717	"Jurburg_Pig"
"280.206_R1"	11074	11069	11069	11069	11042	10592	"Jurburg_Pig"
"280.207_R1"	30877	30867	30867	30867	30397	29868	"Jurburg_Pig"
"280.208_R1"	16091	16088	16088	16088	15990	15828	"Jurburg_Pig"
"280.209_R1"	22171	22170	22170	22170	21983	21114	"Jurburg_Pig"
"280.210_R1"	13012	13009	13009	13009	12978	12751	"Jurburg_Pig"
"280.211_R1"	26199	26193	26193	26193	25522	25105	"Jurburg_Pig"
"280.212_R1"	16679	16672	16672	16672	16517	15955	"Jurburg_Pig"
"280.213_R1"	71584	71553	71553	71553	66958	66240	"Jurburg_Pig"
"280.214_R1"	18279	18274	18274	18274	18010	17195	"Jurburg_Pig"
"280.217_R1"	16270	16266	16266	16266	16261	14747	"Jurburg_Pig"
"280.218_R1"	9355	9354	9354	9354	9354	8703	"Jurburg_Pig"
"280.219_R1"	25061	25057	25057	25057	24963	23926	"Jurburg_Pig"
"280.220_R1"	17505	17500	17500	17500	17460	16981	"Jurburg_Pig"
"280.221_R1"	25264	25249	25249	25249	24850	24290	"Jurburg_Pig"
"280.223_R1"	10902	10900	10900	10900	10887	10021	"Jurburg_Pig"
"280.224_R1"	19831	19820	19820	19820	19734	18681	"Jurburg_Pig"
"280.225_R1"	66012	65995	65995	65995	64050	61534	"Jurburg_Pig"
"280.226_R1"	60193	60176	60176	60176	56555	55881	"Jurburg_Pig"
"280.229_R1"	15647	15645	15645	15645	15512	15185	"Jurburg_Pig"
"280.230_R1"	11207	11204	11204	11204	11179	10835	"Jurburg_Pig"
"280.231_R1"	15693	15689	15689	15689	15561	15208	"Jurburg_Pig"
"280.232_R1"	12811	12807	12807	12807	12730	12609	"Jurburg_Pig"
"280.233_R1"	18133	18131	18131	18131	17906	17065	"Jurburg_Pig"
"280.234_R1"	14447	14441	14441	14441	14158	13873	"Jurburg_Pig"
"280.235_R1"	24565	24557	24557	24557	23435	23223	"Jurburg_Pig"
"280.236_R1"	10116	10111	10111	10111	10085	9899	"Jurburg_Pig"
"280.237_R1"	23311	23302	23302	23302	22053	21848	"Jurburg_Pig"
"280.238_R1"	29530	29524	29524	29524	28322	27616	"Jurburg_Pig"
"280.241_R1"	11067	11064	11064	11064	11010	10327	"Jurburg_Pig"
"280.242_R1"	20594	20586	20586	20586	20493	19777	"Jurburg_Pig"
"280.243_R1"	26038	26033	26033	26033	25736	24897	"Jurburg_Pig"
"280.244_R1"	17486	17484	17484	17484	17363	17128	"Jurburg_Pig"
"280.247_R1"	18603	18597	18597	18597	18314	17852	"Jurburg_Pig"
"280.248_R1"	16997	16992	16992	16992	16974	16717	"Jurburg_Pig"
"280.249_R1"	25590	25580	25580	25580	25350	24780	"Jurburg_Pig"
"280.250_R1"	23865	23854	23854	23854	22936	22810	"Jurburg_Pig"
"280.253_R1"	30458	30448	30448	30448	30241	30163	"Jurburg_Pig"
"280.254_R1"	16593	16588	16588	16588	16345	16287	"Jurburg_Pig"
"280.255_R1"	15617	15611	15611	15611	15513	15134	"Jurburg_Pig"
"280.256_R1"	17190	17185	17185	17185	17065	16898	"Jurburg_Pig"
"280.257_R1"	34480	34466	34466	34466	33993	33300	"Jurburg_Pig"
"280.258_R1"	9534	9531	9531	9531	9447	9381	"Jurburg_Pig"
"280.259_R1"	15100	15097	15097	15097	14941	14905	"Jurburg_Pig"
"280.260_R1"	16565	16560	16560	16560	16435	16317	"Jurburg_Pig"
"280.261_R1"	24024	24021	24021	24021	23672	23472	"Jurburg_Pig"
"280.262_R1"	20463	20457	20457	20457	20223	19648	"Jurburg_Pig"
"280.266_R1"	13832	13827	13827	13827	13604	13197	"Jurburg_Pig"
"280.267_R1"	16156	16153	16153	16153	16043	15630	"Jurburg_Pig"
"280.268_R1"	16888	16871	16871	16871	16868	16596	"Jurburg_Pig"
"280.269_R1"	21849	21840	21840	21840	21728	21340	"Jurburg_Pig"
"280.270_R1"	10659	10657	10657	10657	10639	9783	"Jurburg_Pig"
"280.273_R1"	12128	12125	12125	12125	12125	12125	"Jurburg_Pig"
"280.277_R1"	33885	33880	33880	33880	32913	32625	"Jurburg_Pig"
"280.278_R1"	16873	16872	16872	16872	16776	16572	"Jurburg_Pig"
"280.279_R1"	19612	19608	19608	19608	19324	19228	"Jurburg_Pig"
"280.280_R1"	23488	23483	23483	23483	23237	22986	"Jurburg_Pig"
"280.281_R1"	16728	16723	16723	16723	16635	16260	"Jurburg_Pig"
"280.290_R1"	51950	51923	51923	51923	50442	48443	"Jurburg_Pig"
"280.291_R1"	59443	59424	59424	59424	58471	56953	"Jurburg_Pig"
"280.292_R1"	57524	57503	57503	57503	57005	56140	"Jurburg_Pig"
"280.293_R1"	76400	76368	76368	76368	74237	73245	"Jurburg_Pig"
"280.295_R1"	37222	37207	37207	37207	36691	35406	"Jurburg_Pig"
"280.296_R1"	37027	37014	37014	37014	36422	35794	"Jurburg_Pig"
"280.297_R1"	187380	187342	187342	187342	183000	175660	"Jurburg_Pig"
"280.298_R1"	195197	195137	195137	195137	188856	185889	"Jurburg_Pig"
"280.301_R1"	26699	26691	26691	26691	26664	26376	"Jurburg_Pig"
"280.302_R1"	38166	38150	38150	38150	37710	37221	"Jurburg_Pig"
"280.303_R1"	50149	50132	50132	50132	49552	48521	"Jurburg_Pig"
"280.304_R1"	79186	79154	79154	79154	78918	78098	"Jurburg_Pig"
"280.305_R1"	46681	46661	46661	46661	46625	46290	"Jurburg_Pig"
"280.306_R1"	36895	36892	36892	36892	35900	35730	"Jurburg_Pig"
"280.307_R1"	90718	90695	90695	90695	85866	85362	"Jurburg_Pig"
"280.308_R1"	59448	59429	59429	59429	57773	56567	"Jurburg_Pig"
"280.309_R1"	119083	119035	119035	119035	113218	112283	"Jurburg_Pig"
"280.310_R1"	195584	195535	195535	195535	185270	182579	"Jurburg_Pig"
"280.313_R1"	1095	1095	1095	1095	1095	1085	"Jurburg_Pig"
"280.314_R1"	28532	28521	28521	28521	27781	26733	"Jurburg_Pig"
"280.315_R1"	77990	77961	77961	77961	74627	70651	"Jurburg_Pig"
"280.316_R1"	24797	24790	24790	24790	24741	24094	"Jurburg_Pig"
"280.317_R1"	107029	106993	106993	106993	101213	98880	"Jurburg_Pig"
"280.318_R1"	20093	20074	20074	20074	20065	19901	"Jurburg_Pig"
"280.319_R1"	17532	17516	17516	17516	17511	17264	"Jurburg_Pig"
"280.320_R1"	74214	74181	74181	74181	74131	73364	"Jurburg_Pig"
"280.321_R1"	84801	84754	84754	84754	84424	83614	"Jurburg_Pig"
"280.322_R1"	72462	72426	72426	72426	72319	71287	"Jurburg_Pig"
"280.325_R1"	37868	37857	37857	37857	37260	36796	"Jurburg_Pig"
"280.326_R1"	46246	46236	46236	46236	44345	44169	"Jurburg_Pig"
"280.327_R1"	51224	51205	51205	51205	49168	48695	"Jurburg_Pig"
"280.328_R1"	36100	36089	36089	36089	34628	34285	"Jurburg_Pig"
"280.329_R1"	58602	58583	58583	58583	56603	55023	"Jurburg_Pig"
"280.331_R1"	29921	29908	29908	29908	29780	29244	"Jurburg_Pig"
"280.332_R1"	108452	108397	108397	108397	107970	105889	"Jurburg_Pig"
"280.333_R1"	44169	44152	44152	44152	44112	43500	"Jurburg_Pig"
"280.334_R1"	69127	69097	69097	69097	68466	66424	"Jurburg_Pig"
"280.337_R1"	17295	17276	17276	17276	17276	17195	"Jurburg_Pig"
"280.338_R1"	31365	31348	31348	31348	31117	30928	"Jurburg_Pig"
"280.339_R1"	30955	30935	30935	30935	30882	30854	"Jurburg_Pig"
"280.340_R1"	27576	27562	27562	27562	27530	27476	"Jurburg_Pig"
"280.341_R1"	23712	23694	23694	23694	23463	23346	"Jurburg_Pig"
"280.342_R1"	25922	25917	25917	25917	25847	25804	"Jurburg_Pig"
"280.343_R1"	19576	19554	19554	19554	19550	19534	"Jurburg_Pig"
"280.344_R1"	14499	14491	14491	14491	14491	14467	"Jurburg_Pig"
"280.345_R1"	30853	30840	30840	30840	30808	30578	"Jurburg_Pig"
"280.346_R1"	51650	51642	51642	51642	51272	51027	"Jurburg_Pig"
"280.349_R1"	37062	37054	37054	37054	36559	36260	"Jurburg_Pig"
"280.350_R1"	17189	17183	17183	17183	16864	16797	"Jurburg_Pig"
"280.351_R1"	21823	21814	21814	21814	21540	21303	"Jurburg_Pig"
"280.352_R1"	40740	40721	40721	40721	39498	39132	"Jurburg_Pig"
"280.353_R1"	63632	63613	63613	63613	62526	61725	"Jurburg_Pig"
"280.354_R1"	38132	38124	38124	38124	37752	35159	"Jurburg_Pig"
"280.357_R1"	38149	38143	38143	38143	38143	38143	"Jurburg_Pig"
