"Original.Reads"	"Filtered.Reads"	"Denoised.Reads"	"tabled"	"Non.chimeric.Reads"	"pseq"	"study"
"SRR5007602_2"	107850	57558	57558	57558	56940	56940	"Kennedy"
"SRR5007603_2"	92022	49294	49294	49294	48826	48826	"Kennedy"
"SRR5007604_2"	121252	65131	65131	65131	64510	64510	"Kennedy"
"SRR5007605_2"	108237	57568	57568	57568	56685	56685	"Kennedy"
"SRR5007606_2"	82860	44514	44514	44514	44441	44441	"Kennedy"
"SRR5007607_2"	77082	41547	41547	41547	40659	40659	"Kennedy"
"SRR5007608_2"	104173	56270	56270	56270	55128	55128	"Kennedy"
"SRR5007609_2"	174743	92220	92220	92220	90365	90365	"Kennedy"
"SRR5007610_2"	92460	49209	49209	49209	47514	47514	"Kennedy"
"SRR5007611_2"	168628	89903	89903	89903	89582	89570	"Kennedy"
"SRR5007612_2"	141297	74294	74294	74294	73730	73730	"Kennedy"
"SRR5007613_2"	130757	70674	70674	70674	69973	69973	"Kennedy"
"SRR5007614_2"	174060	92424	92424	92424	89932	89928	"Kennedy"
"SRR5007615_2"	128813	69008	69008	69008	68736	68736	"Kennedy"
"SRR5007616_2"	123958	66120	66120	66120	65220	65220	"Kennedy"
"SRR5007617_2"	215946	115759	115759	115759	115039	115039	"Kennedy"
"SRR5007618_2"	144381	76608	76608	76608	75483	75483	"Kennedy"
"SRR5007619_2"	56413	29666	29666	29666	29252	29252	"Kennedy"
"SRR5007620_2"	78302	42300	42300	42300	41566	41566	"Kennedy"
"SRR5007621_2"	49210	25627	25627	25627	25451	25451	"Kennedy"
"SRR5007622_2"	64855	33143	33143	33143	33048	33048	"Kennedy"
"SRR5007623_2"	219404	115701	115701	115701	113613	113600	"Kennedy"
"SRR5007624_2"	59516	32003	32003	32003	31697	31697	"Kennedy"
"SRR5007625_2"	64836	34802	34802	34802	34608	34608	"Kennedy"
"SRR5007626_2"	96746	51814	51814	51814	51565	51565	"Kennedy"
"SRR5007627_2"	86740	46814	46814	46814	46694	46694	"Kennedy"
"SRR5007628_2"	125541	66550	66550	66550	65834	65834	"Kennedy"
"SRR5007629_2"	78449	41516	41516	41516	40562	40562	"Kennedy"
"SRR5007630_2"	136178	71648	71648	71648	71130	71130	"Kennedy"
"SRR5007631_2"	114178	61691	61691	61691	61520	61520	"Kennedy"
"SRR5007632_2"	124797	65975	65975	65975	65475	65475	"Kennedy"
"SRR5007633_2"	71247	38189	38189	38189	37981	37981	"Kennedy"
"SRR5007634_2"	117223	62180	62180	62180	61653	61653	"Kennedy"
"SRR5007635_2"	75427	40574	40574	40574	40401	40401	"Kennedy"
"SRR5007636_2"	86769	46539	46539	46539	46246	46239	"Kennedy"
"SRR5007637_2"	152827	82167	82167	82167	81390	81390	"Kennedy"
"SRR5007638_2"	147891	78717	78717	78717	77003	77003	"Kennedy"
"SRR5007639_2"	63536	34948	34948	34948	34542	34542	"Kennedy"
"SRR5007640_2"	68932	35741	35741	35741	35646	35646	"Kennedy"
"SRR5007641_2"	170064	89749	89749	89749	88562	88553	"Kennedy"
"SRR5007642_2"	92026	49186	49186	49186	48828	48828	"Kennedy"
"SRR5007643_2"	114099	61545	61545	61545	60341	60341	"Kennedy"
"SRR5007644_2"	81430	43364	43364	43364	42591	42591	"Kennedy"
"SRR5007645_2"	173402	91556	91556	91556	91227	91227	"Kennedy"
"SRR5007646_2"	53528	28747	28747	28747	28561	28561	"Kennedy"
"SRR5007647_2"	96079	51623	51623	51623	51273	51273	"Kennedy"
"SRR5007648_2"	61750	33427	33427	33427	32897	32897	"Kennedy"
"SRR5007649_2"	81314	43759	43759	43759	43651	43651	"Kennedy"
"SRR5007650_2"	102584	55378	55378	55378	54821	54821	"Kennedy"
"SRR5007651_2"	92341	49518	49518	49518	48667	48667	"Kennedy"
"SRR5007652_2"	127038	67281	67281	67281	66698	66698	"Kennedy"
"SRR5007653_2"	180294	95280	95280	95280	93093	93079	"Kennedy"
"SRR5007654_2"	110171	59027	59027	59027	58310	58310	"Kennedy"
"SRR5007655_2"	106074	57807	57807	57807	57206	57206	"Kennedy"
"SRR5007656_2"	83443	45041	45041	45041	44747	44747	"Kennedy"
"SRR5007657_2"	95337	51537	51537	51537	51112	51112	"Kennedy"
"SRR5007658_2"	150938	80083	80083	80083	78631	78631	"Kennedy"
"SRR5007659_2"	82415	43936	43936	43936	43617	43617	"Kennedy"
"SRR5007660_2"	111950	59863	59863	59863	58859	58859	"Kennedy"
"SRR5007661_2"	71152	38217	38217	38217	37309	37309	"Kennedy"
"SRR5007662_2"	123447	66390	66390	66390	65539	65539	"Kennedy"
"SRR5007663_2"	91262	48200	48200	48200	48030	48030	"Kennedy"
"SRR5007664_2"	113183	60956	60956	60956	60480	60480	"Kennedy"
"SRR5007665_2"	80840	43058	43058	43058	42402	42402	"Kennedy"
"SRR5007666_2"	116699	62309	62309	62309	62217	62217	"Kennedy"
"SRR5007667_2"	169621	91102	91102	91102	89432	89417	"Kennedy"
"SRR5007668_2"	159285	86036	86036	86036	84730	84730	"Kennedy"
"SRR5007669_2"	87525	47040	47040	47040	46294	46294	"Kennedy"
"SRR5007670_2"	71921	38665	38665	38665	38534	38534	"Kennedy"
"SRR5007671_2"	106184	55509	55509	55509	54519	54519	"Kennedy"
"SRR5007672_2"	87222	46885	46885	46885	45696	45696	"Kennedy"
"SRR5007673_2"	72399	39274	39274	39274	38971	38971	"Kennedy"
"SRR5007674_2"	199963	107289	107289	107289	106257	106257	"Kennedy"
"SRR5007675_2"	78534	42392	42392	42392	41695	41695	"Kennedy"
"SRR5007676_2"	137488	72925	72925	72925	72516	72516	"Kennedy"
"SRR5007677_2"	65041	34934	34934	34934	34532	34532	"Kennedy"
"SRR5007678_2"	141360	75779	75779	75779	74513	74513	"Kennedy"
"SRR5007679_2"	245004	129272	129272	129272	125225	125225	"Kennedy"
"SRR5007680_2"	108736	58114	58114	58114	57816	57812	"Kennedy"
"SRR5007681_2"	145321	77864	77864	77864	77140	77140	"Kennedy"
"SRR5007682_2"	132768	71335	71335	71335	70306	70306	"Kennedy"
"SRR5007683_2"	91045	49242	49242	49242	48820	48820	"Kennedy"
"SRR5007684_2"	84826	44629	44629	44629	44258	44258	"Kennedy"
"SRR5007685_2"	87117	45607	45607	45607	45111	45111	"Kennedy"
"SRR5007686_2"	109268	58188	58188	58188	58007	58002	"Kennedy"
"SRR5007687_2"	85404	45652	45652	45652	45496	45496	"Kennedy"
"SRR5007688_2"	159269	85161	85161	85161	84283	84283	"Kennedy"
"SRR5007689_2"	121210	65182	65182	65182	64505	64505	"Kennedy"
"SRR5007690_2"	160730	86591	86591	86591	85727	85727	"Kennedy"
"SRR5007691_2"	120733	64833	64833	64833	63735	63735	"Kennedy"
"SRR5007692_2"	164558	87249	87249	87249	86073	86073	"Kennedy"
"SRR5007693_2"	106471	56919	56919	56919	56694	56687	"Kennedy"
"SRR5007694_2"	132798	71213	71213	71213	70191	70191	"Kennedy"
"SRR5007695_2"	154542	83225	83225	83225	82286	82276	"Kennedy"
"SRR5007696_2"	76167	39422	39422	39422	39138	39138	"Kennedy"
"SRR5007697_2"	116457	61466	61466	61466	60342	60342	"Kennedy"
"SRR5007698_2"	69532	37260	37260	37260	36559	36559	"Kennedy"
"SRR5007699_2"	67202	36365	36365	36365	36275	36275	"Kennedy"
"SRR5007700_2"	96141	51011	51011	51011	50390	50390	"Kennedy"
"SRR5007701_2"	145780	77380	77380	77380	76821	76808	"Kennedy"
"SRR5007702_2"	147520	78934	78934	78934	78150	78148	"Kennedy"
"SRR5007703_2"	82387	43814	43814	43814	42568	42568	"Kennedy"
