"Original.Reads"	"Filtered.Reads"	"Denoised.Reads"	"tabled"	"Non.chimeric.Reads"	"pseq"	"study"
"100-16S_V3-V4_CPCMY_CGAGGCTG-CTCTCTAT_L001_R1"	85282	84857	84857	84857	82573	81838	"Khan"
"101-16S_V3-V4_CPCMY_AAGAGGCA-CTCTCTAT_L001_R1"	96500	96025	96025	96025	93057	92522	"Khan"
"10-16S_V3-V4_CPCMY_TCGACGTC-TCGACTAG_L001_R1"	37077	36907	36907	36907	35928	35500	"Khan"
"102-16S_V3-V4_CPCMY_GTAGAGGA-CTCTCTAT_L001_R1"	80257	79892	79892	79892	77667	77097	"Khan"
"103-16S_V3-V4_CPCMY_GCTCATGA-CTCTCTAT_L001_R1"	56763	56528	56528	56528	55239	55043	"Khan"
"104-16S_V3-V4_CPCMY_ATCTCAGG-CTCTCTAT_L001_R1"	57944	57698	57698	57698	56152	55931	"Khan"
"105-16S_V3-V4_CPCMY_TAAGGCGA-TATCCTCT_L001_R1"	102896	102444	102444	102444	99449	98388	"Khan"
"106-16S_V3-V4_CPCMY_CGTACTAG-TATCCTCT_L001_R1"	63225	62936	62936	62936	60132	59295	"Khan"
"107-16S_V3-V4_CPCMY_AGGCAGAA-TATCCTCT_L001_R1"	98443	98204	98204	98204	92477	92435	"Khan"
"108-16S_V3-V4_CPCMY_TCCTGAGC-TATCCTCT_L001_R1"	102703	102422	102422	102422	95984	95960	"Khan"
"109-16S_V3-V4_CPCMY_GGACTCCT-TATCCTCT_L001_R1"	127958	127624	127624	127624	114849	114822	"Khan"
"110-16S_V3-V4_CPCMY_TAGGCATG-TATCCTCT_L001_R1"	99656	99349	99349	99349	97756	97706	"Khan"
"111-16S_V3-V4_CPCMY_CTCTCTAC-TATCCTCT_L001_R1"	73874	73505	73505	73505	70215	68394	"Khan"
"11-16S_V3-V4_CPCMY_ACTCGCTA-TTCTAGCT_L001_R1"	108737	108220	108220	108220	103887	102495	"Khan"
"112-16S_V3-V4_CPCMY_CGAGGCTG-TATCCTCT_L001_R1"	65238	65046	65046	65046	61271	61236	"Khan"
"113-16S_V3-V4_CPCMY_AAGAGGCA-TATCCTCT_L001_R1"	91063	90848	90848	90848	86664	86664	"Khan"
"114-16S_V3-V4_CPCMY_GTAGAGGA-TATCCTCT_L001_R1"	86430	86213	86213	86213	83378	83373	"Khan"
"115-16S_V3-V4_CPCMY_GCTCATGA-TATCCTCT_L001_R1"	39138	39027	39027	39027	37298	37279	"Khan"
"116-16S_V3-V4_CPCMY_ATCTCAGG-TATCCTCT_L001_R1"	44646	44446	44446	44446	42717	42175	"Khan"
"1-16S_V3-V4_CPCMY_GCGTAGTA-TCGACTAG_L001_R1"	80676	80317	80317	80317	77652	77055	"Khan"
"117-16S_V3-V4_CPCMY_TAAGGCGA-GTAAGGAG_L001_R1"	124216	123871	123871	123871	113559	113498	"Khan"
"118-16S_V3-V4_CPCMY_CGTACTAG-GTAAGGAG_L001_R1"	101240	100985	100985	100985	96236	96226	"Khan"
"119-16S_V3-V4_CPCMY_AGGCAGAA-GTAAGGAG_L001_R1"	95548	95324	95324	95324	92119	92088	"Khan"
"120-16S_V3-V4_CPCMY_TCCTGAGC-GTAAGGAG_L001_R1"	83027	82791	82791	82791	81098	81075	"Khan"
"12-16S_V3-V4_CPCMY_GGAGCTAC-TTCTAGCT_L001_R1"	84758	84413	84413	84413	81548	81193	"Khan"
"13-16S_V3-V4_CPCMY_GCGTAGTA-TTCTAGCT_L001_R1"	84812	84449	84449	84449	82119	81934	"Khan"
"14-16S_V3-V4_CPCMY_CGGAGCCT-TTCTAGCT_L001_R1"	107474	107069	107069	107069	104078	103439	"Khan"
"15-16S_V3-V4_CPCMY_TACGCTGC-TTCTAGCT_L001_R1"	80098	79712	79712	79712	77414	76790	"Khan"
"16-16S_V3-V4_CPCMY_ATGCGCAG-TTCTAGCT_L001_R1"	90883	90440	90440	90440	87356	87021	"Khan"
"17-16S_V3-V4_CPCMY_TAGCGCTC-TTCTAGCT_L001_R1"	94816	94491	94491	94491	86838	86819	"Khan"
"18-16S_V3-V4_CPCMY_ACTGAGCG-TTCTAGCT_L001_R1"	88021	87783	87783	87783	82412	82372	"Khan"
"19-16S_V3-V4_CPCMY_CCTAAGAC-TTCTAGCT_L001_R1"	82711	82478	82478	82478	79326	79317	"Khan"
"20-16S_V3-V4_CPCMY_CGATCAGT-TTCTAGCT_L001_R1"	74450	74221	74221	74221	72408	72380	"Khan"
"21-16S_V3-V4_CPCMY_TGCAGCTA-TTCTAGCT_L001_R1"	58748	58432	58432	58432	56213	54409	"Khan"
"2-16S_V3-V4_CPCMY_CGGAGCCT-TCGACTAG_L001_R1"	81935	81592	81592	81592	78151	77721	"Khan"
"22-16S_V3-V4_CPCMY_TCGACGTC-TTCTAGCT_L001_R1"	43030	42890	42890	42890	42197	42188	"Khan"
"23-16S_V3-V4_CPCMY_ACTCGCTA-CCTAGAGT_L001_R1"	140135	139736	139736	139736	133234	133199	"Khan"
"24-16S_V3-V4_CPCMY_GGAGCTAC-CCTAGAGT_L001_R1"	103936	103669	103669	103669	100258	100243	"Khan"
"25-16S_V3-V4_CPCMY_GCGTAGTA-CCTAGAGT_L001_R1"	95403	95136	95136	95136	93209	93155	"Khan"
"26-16S_V3-V4_CPCMY_CGGAGCCT-CCTAGAGT_L001_R1"	82898	82527	82527	82527	79918	79184	"Khan"
"27-16S_V3-V4_CPCMY_TACGCTGC-CCTAGAGT_L001_R1"	52380	52210	52210	52210	50208	50198	"Khan"
"28-16S_V3-V4_CPCMY_ATGCGCAG-CCTAGAGT_L001_R1"	98548	98283	98283	98283	95167	95163	"Khan"
"29-16S_V3-V4_CPCMY_TAGCGCTC-CCTAGAGT_L001_R1"	86163	85914	85914	85914	82052	82026	"Khan"
"30-16S_V3-V4_CPCMY_ACTGAGCG-CCTAGAGT_L001_R1"	115557	115232	115232	115232	113384	113372	"Khan"
"31-16S_V3-V4_CPCMY_CCTAAGAC-CCTAGAGT_L001_R1"	71485	71131	71131	71131	68998	68214	"Khan"
"3-16S_V3-V4_CPCMY_TACGCTGC-TCGACTAG_L001_R1"	66084	65797	65797	65797	64150	63874	"Khan"
"32-16S_V3-V4_CPCMY_CGATCAGT-CCTAGAGT_L001_R1"	76557	76268	76268	76268	74164	73701	"Khan"
"33-16S_V3-V4_CPCMY_TGCAGCTA-CCTAGAGT_L001_R1"	83804	83465	83465	83465	80862	80653	"Khan"
"34-16S_V3-V4_CPCMY_TCGACGTC-CCTAGAGT_L001_R1"	56151	55924	55924	55924	54573	54326	"Khan"
"35-16S_V3-V4_CPCMY_ACTCGCTA-GCGTAAGA_L001_R1"	182377	181390	181390	181390	174439	171257	"Khan"
"36-16S_V3-V4_CPCMY_GGAGCTAC-GCGTAAGA_L001_R1"	147246	146621	146621	146621	142365	141500	"Khan"
"37-16S_V3-V4_CPCMY_GCGTAGTA-GCGTAAGA_L001_R1"	128626	127895	127895	127895	122349	121883	"Khan"
"38-16S_V3-V4_CPCMY_CGGAGCCT-GCGTAAGA_L001_R1"	160184	159464	159464	159464	152238	151130	"Khan"
"39-16S_V3-V4_CPCMY_TACGCTGC-GCGTAAGA_L001_R1"	130098	129399	129399	129399	125291	124381	"Khan"
"40-16S_V3-V4_CPCMY_ATGCGCAG-GCGTAAGA_L001_R1"	150105	149444	149444	149444	143172	141921	"Khan"
"41-16S_V3-V4_CPCMY_TAGCGCTC-GCGTAAGA_L001_R1"	165101	164438	164438	164438	156874	156173	"Khan"
"4-16S_V3-V4_CPCMY_ATGCGCAG-TCGACTAG_L001_R1"	76433	76052	76052	76052	73749	72448	"Khan"
"42-16S_V3-V4_CPCMY_ACTGAGCG-GCGTAAGA_L001_R1"	144421	143776	143776	143776	138607	137766	"Khan"
"43-16S_V3-V4_CPCMY_CCTAAGAC-GCGTAAGA_L001_R1"	143635	142879	142879	142879	138145	136549	"Khan"
"44-16S_V3-V4_CPCMY_CGATCAGT-GCGTAAGA_L001_R1"	145647	144933	144933	144933	139496	137358	"Khan"
"45-16S_V3-V4_CPCMY_TGCAGCTA-GCGTAAGA_L001_R1"	135870	135183	135183	135183	130550	129014	"Khan"
"46-16S_V3-V4_CPCMY_TCGACGTC-GCGTAAGA_L001_R1"	83613	83110	83110	83110	79703	78741	"Khan"
"47-16S_V3-V4_CPCMY_ACTCGCTA-CTATTAAG_L001_R1"	210223	209660	209660	209660	192419	192306	"Khan"
"48-16S_V3-V4_CPCMY_GGAGCTAC-CTATTAAG_L001_R1"	138367	138067	138067	138067	117979	117933	"Khan"
"49-16S_V3-V4_CPCMY_GCGTAGTA-CTATTAAG_L001_R1"	169359	168952	168952	168952	162460	162410	"Khan"
"50-16S_V3-V4_CPCMY_CGGAGCCT-CTATTAAG_L001_R1"	180250	179771	179771	179771	172757	172665	"Khan"
"51-16S_V3-V4_CPCMY_TACGCTGC-CTATTAAG_L001_R1"	144584	143773	143773	143773	138720	137233	"Khan"
"5-16S_V3-V4_CPCMY_TAGCGCTC-TCGACTAG_L001_R1"	67949	67634	67634	67634	65587	65189	"Khan"
"52-16S_V3-V4_CPCMY_ATGCGCAG-CTATTAAG_L001_R1"	162090	161644	161644	161644	154373	154354	"Khan"
"53-16S_V3-V4_CPCMY_TAGCGCTC-CTATTAAG_L001_R1"	180867	180407	180407	180407	171749	171704	"Khan"
"54-16S_V3-V4_CPCMY_ACTGAGCG-CTATTAAG_L001_R1"	164173	163754	163754	163754	153871	153747	"Khan"
"55-16S_V3-V4_CPCMY_CCTAAGAC-CTATTAAG_L001_R1"	198933	198470	198470	198470	191559	191515	"Khan"
"56-16S_V3-V4_CPCMY_CGATCAGT-CTATTAAG_L001_R1"	139909	139288	139288	139288	134226	131333	"Khan"
"57-16S_V3-V4_CPCMY_TGCAGCTA-CTATTAAG_L001_R1"	170978	170470	170470	170470	159539	159495	"Khan"
"58-16S_V3-V4_CPCMY_TCGACGTC-CTATTAAG_L001_R1"	118417	118111	118111	118111	110962	110945	"Khan"
"59-16S_V3-V4_CPCMY_ACTCGCTA-AAGGCTAT_L001_R1"	115973	115627	115627	115627	110346	110298	"Khan"
"60-16S_V3-V4_CPCMY_GGAGCTAC-AAGGCTAT_L001_R1"	119414	119117	119117	119117	116873	116837	"Khan"
"61-16S_V3-V4_CPCMY_GCGTAGTA-AAGGCTAT_L001_R1"	105530	105079	105079	105079	102021	101442	"Khan"
"6-16S_V3-V4_CPCMY_ACTGAGCG-TCGACTAG_L001_R1"	182	173	173	173	173	173	"Khan"
"62-16S_V3-V4_CPCMY_CGGAGCCT-AAGGCTAT_L001_R1"	96951	96634	96634	96634	94244	93913	"Khan"
"63-16S_V3-V4_CPCMY_TACGCTGC-AAGGCTAT_L001_R1"	102526	102116	102116	102116	98693	97864	"Khan"
"64-16S_V3-V4_CPCMY_ATGCGCAG-AAGGCTAT_L001_R1"	122630	122127	122127	122127	118294	117865	"Khan"
"65-16S_V3-V4_CPCMY_TAGCGCTC-AAGGCTAT_L001_R1"	125069	124590	124590	124590	119653	117910	"Khan"
"66-16S_V3-V4_CPCMY_ACTGAGCG-AAGGCTAT_L001_R1"	95629	95299	95299	95299	92271	91547	"Khan"
"67-16S_V3-V4_CPCMY_CCTAAGAC-AAGGCTAT_L001_R1"	86336	85953	85953	85953	83987	83605	"Khan"
"68-16S_V3-V4_CPCMY_CGATCAGT-AAGGCTAT_L001_R1"	124260	123652	123652	123652	119426	116805	"Khan"
"69-16S_V3-V4_CPCMY_TGCAGCTA-AAGGCTAT_L001_R1"	88490	88146	88146	88146	85524	84886	"Khan"
"70-16S_V3-V4_CPCMY_TCGACGTC-AAGGCTAT_L001_R1"	49264	49073	49073	49073	47979	47752	"Khan"
"71-16S_V3-V4_CPCMY_ACTCGCTA-GAGCCTTA_L001_R1"	77977	77659	77659	77659	75050	74483	"Khan"
"7-16S_V3-V4_CPCMY_CCTAAGAC-TCGACTAG_L001_R1"	65577	65245	65245	65245	63009	62161	"Khan"
"72-16S_V3-V4_CPCMY_GGAGCTAC-GAGCCTTA_L001_R1"	69136	68865	68865	68865	66643	65936	"Khan"
"73-16S_V3-V4_CPCMY_GCGTAGTA-GAGCCTTA_L001_R1"	75135	74862	74862	74862	72568	72055	"Khan"
"74-16S_V3-V4_CPCMY_CGGAGCCT-GAGCCTTA_L001_R1"	74193	73896	73896	73896	71013	69815	"Khan"
"75-16S_V3-V4_CPCMY_TACGCTGC-GAGCCTTA_L001_R1"	67927	67642	67642	67642	65768	64849	"Khan"
"76-16S_V3-V4_CPCMY_ATGCGCAG-GAGCCTTA_L001_R1"	92394	92033	92033	92033	87433	86564	"Khan"
"77-16S_V3-V4_CPCMY_TAGCGCTC-GAGCCTTA_L001_R1"	83329	83122	83122	83122	79627	79603	"Khan"
"78-16S_V3-V4_CPCMY_ACTGAGCG-GAGCCTTA_L001_R1"	74685	74486	74486	74486	69354	69324	"Khan"
"79-16S_V3-V4_CPCMY_CCTAAGAC-GAGCCTTA_L001_R1"	62636	62472	62472	62472	58286	58265	"Khan"
"80-16S_V3-V4_CPCMY_CGATCAGT-GAGCCTTA_L001_R1"	86538	86347	86347	86347	83983	83960	"Khan"
"81-16S_V3-V4_CPCMY_TGCAGCTA-GAGCCTTA_L001_R1"	64006	63701	63701	63701	61611	60433	"Khan"
"8-16S_V3-V4_CPCMY_CGATCAGT-TCGACTAG_L001_R1"	67190	66847	66847	66847	65337	64247	"Khan"
"82-16S_V3-V4_CPCMY_TCGACGTC-GAGCCTTA_L001_R1"	41128	41019	41019	41019	39452	39423	"Khan"
"83-16S_V3-V4_CPCMY_ACTCGCTA-TTATGCGA_L001_R1"	47984	47826	47826	47826	46147	46135	"Khan"
"84-16S_V3-V4_CPCMY_GGAGCTAC-TTATGCGA_L001_R1"	53049	52915	52915	52915	51490	51475	"Khan"
"85-16S_V3-V4_CPCMY_GCGTAGTA-TTATGCGA_L001_R1"	50052	49890	49890	49890	48834	48791	"Khan"
"86-16S_V3-V4_CPCMY_CGGAGCCT-TTATGCGA_L001_R1"	59013	58711	58711	58711	57201	56788	"Khan"
"87-16S_V3-V4_CPCMY_TACGCTGC-TTATGCGA_L001_R1"	57348	57170	57170	57170	55620	55608	"Khan"
"88-16S_V3-V4_CPCMY_ATGCGCAG-TTATGCGA_L001_R1"	48263	48131	48131	48131	46694	46688	"Khan"
"89-16S_V3-V4_CPCMY_TAGCGCTC-TTATGCGA_L001_R1"	63407	63262	63262	63262	61639	61635	"Khan"
"90-16S_V3-V4_CPCMY_ACTGAGCG-TTATGCGA_L001_R1"	50382	50255	50255	50255	49731	49723	"Khan"
"91-16S_V3-V4_CPCMY_CCTAAGAC-TTATGCGA_L001_R1"	43442	43261	43261	43261	42275	42157	"Khan"
"9-16S_V3-V4_CPCMY_TGCAGCTA-TCGACTAG_L001_R1"	49964	49712	49712	49712	48760	47948	"Khan"
"92-16S_V3-V4_CPCMY_CGATCAGT-TTATGCGA_L001_R1"	45849	45662	45662	45662	44122	43978	"Khan"
"93-16S_V3-V4_CPCMY_TGCAGCTA-TTATGCGA_L001_R1"	54882	54615	54615	54615	52896	52675	"Khan"
"94-16S_V3-V4_CPCMY_TCGACGTC-TTATGCGA_L001_R1"	26754	26641	26641	26641	26418	26252	"Khan"
"95-16S_V3-V4_CPCMY_AGGCAGAA-CTCTCTAT_L001_R1"	87775	87469	87469	87469	83907	83404	"Khan"
"96-16S_V3-V4_CPCMY_TCCTGAGC-CTCTCTAT_L001_R1"	114331	113843	113843	113843	109935	109107	"Khan"
"97-16S_V3-V4_CPCMY_GGACTCCT-CTCTCTAT_L001_R1"	102056	101690	101690	101690	98315	97118	"Khan"
"98-16S_V3-V4_CPCMY_TAGGCATG-CTCTCTAT_L001_R1"	77520	77200	77200	77200	75041	74656	"Khan"
"99-16S_V3-V4_CPCMY_CTCTCTAC-CTCTCTAT_L001_R1"	77901	77552	77552	77552	75340	74701	"Khan"
