"Original.Reads"	"Filtered.Reads"	"Denoised.Reads"	"tabled"	"Non.chimeric.Reads"	"pseq"	"study"
"DRR070527"	70166	67697	67697	67697	66510	64749	"Qian"
"DRR070528"	73058	70739	70739	70739	69398	68016	"Qian"
"DRR070529"	34232	33939	33939	33939	33397	32687	"Qian"
"DRR070530"	30997	30664	30664	30664	29940	29546	"Qian"
"DRR070531"	31273	30896	30896	30896	30512	29836	"Qian"
"DRR070532"	33647	33306	33306	33306	32582	32302	"Qian"
"DRR070533"	32566	32176	32176	32176	31840	31325	"Qian"
"DRR070534"	34217	33795	33795	33795	33465	33013	"Qian"
"DRR070535"	33862	33575	33575	33575	33192	32938	"Qian"
"DRR070536"	68842	66476	66476	66476	65468	64526	"Qian"
"DRR070537"	34324	34070	34070	34070	33655	33395	"Qian"
"DRR070538"	34528	34202	34202	34202	33825	33356	"Qian"
"DRR070539"	32528	32212	32212	32212	31582	31398	"Qian"
"DRR070540"	78328	75974	75974	75974	74326	73634	"Qian"
"DRR070541"	76903	74750	74750	74750	72616	72177	"Qian"
"DRR070542"	30657	30386	30386	30386	29941	29714	"Qian"
"DRR070543"	62825	62353	62353	62353	60836	60175	"Qian"
"DRR070544"	72949	70569	70569	70569	69354	68207	"Qian"
"DRR070545"	33862	33610	33610	33610	33037	32742	"Qian"
"DRR070546"	31547	31277	31277	31277	30796	30519	"Qian"
"DRR070547"	74072	72005	72005	72005	70605	70043	"Qian"
"DRR070548"	32575	32248	32248	32248	31876	31636	"Qian"
"DRR070549"	83875	82780	82780	82780	81856	81583	"Qian"
"DRR070550"	71856	69776	69776	69776	68770	68012	"Qian"
"DRR070551"	30538	30274	30274	30274	29954	29623	"Qian"
"DRR070552"	68057	65582	65582	65582	64667	63573	"Qian"
"DRR070553"	33466	33190	33190	33190	32866	32496	"Qian"
"DRR070554"	31718	31395	31395	31395	31018	30442	"Qian"
"DRR070555"	34193	33844	33844	33844	33563	32906	"Qian"
"DRR070556"	35693	35339	35339	35339	35035	34492	"Qian"
"DRR070557"	70898	68544	68544	68544	67973	66365	"Qian"
"DRR070558"	35416	34941	34941	34941	34789	34123	"Qian"
"DRR070559"	78900	76322	76322	76322	75748	74478	"Qian"
"DRR070560"	69705	67400	67400	67400	66862	65738	"Qian"
"DRR070561"	33000	32773	32773	32773	32609	32183	"Qian"
"DRR070562"	33056	32754	32754	32754	32660	32325	"Qian"
"DRR070563"	145598	138144	138144	138144	136687	136034	"Qian"
"DRR070564"	30072	29854	29854	29854	29537	29327	"Qian"
"DRR070565"	30991	30725	30725	30725	30482	30300	"Qian"
"DRR070566"	31974	31710	31710	31710	31470	31311	"Qian"
"DRR070567"	73679	71418	71418	71418	70307	69787	"Qian"
"DRR070568"	69363	67176	67176	67176	65369	64834	"Qian"
"DRR070569"	42503	41186	41186	41186	40725	40296	"Qian"
"DRR070570"	41911	40776	40776	40776	39297	39014	"Qian"
"DRR070571"	30585	30314	30314	30314	29967	29661	"Qian"
"DRR070572"	68730	66819	66819	66819	65848	65539	"Qian"
"DRR070573"	72162	70350	70350	70350	68863	68451	"Qian"
"DRR070574"	75855	73813	73813	73813	72432	72068	"Qian"
"DRR070575"	75499	72833	72833	72833	71581	71193	"Qian"
"DRR070576"	63656	61556	61556	61556	60761	60371	"Qian"
"DRR070577"	43681	43330	43330	43330	42856	42573	"Qian"
"DRR070578"	44605	44227	44227	44227	43801	43427	"Qian"
"DRR070579"	31237	31001	31001	31001	30667	30400	"Qian"
"DRR070580"	74736	72779	72779	72779	72065	71336	"Qian"
"DRR070581"	73470	71371	71371	71371	70543	69796	"Qian"
"DRR070582"	74546	72192	72192	72192	71942	70903	"Qian"
"DRR070583"	58726	55749	55749	55749	55659	54918	"Qian"
"DRR070584"	70333	67794	67794	67794	67578	66110	"Qian"
"DRR070585"	31347	31052	31052	31052	30929	30323	"Qian"
"DRR070586"	30871	30559	30559	30559	30474	30067	"Qian"
"DRR070587"	30958	30399	30399	30399	30215	30173	"Qian"
"DRR070588"	32603	32173	32173	32173	31923	31852	"Qian"
"DRR070589"	33914	33445	33445	33445	32894	32821	"Qian"
"DRR070590"	69261	67188	67188	67188	66347	65929	"Qian"
"DRR070591"	35594	35331	35331	35331	35145	35089	"Qian"
"DRR070592"	68338	66161	66161	66161	65808	65676	"Qian"
"DRR070593"	33976	33730	33730	33730	33374	33330	"Qian"
"DRR070594"	30786	30532	30532	30532	30519	30489	"Qian"
"DRR070595"	67055	64901	64901	64901	64290	64136	"Qian"
"DRR070596"	32658	32352	32352	32352	32297	32260	"Qian"
"DRR070597"	65494	63475	63475	63475	63205	63054	"Qian"
"DRR070598"	31554	31199	31199	31199	31146	31087	"Qian"
"DRR070599"	30102	29869	29869	29869	29649	29637	"Qian"
"DRR070600"	68203	65692	65692	65692	64992	64928	"Qian"
"DRR070601"	32907	32644	32644	32644	32404	32350	"Qian"
"DRR070602"	32316	31994	31994	31994	31762	31722	"Qian"
"DRR070603"	34639	34323	34323	34323	34228	34175	"Qian"
"DRR070604"	35683	35393	35393	35393	35176	35163	"Qian"
"DRR070605"	31569	31298	31298	31298	30995	30960	"Qian"
"DRR070606"	34221	33925	33925	33925	33773	33730	"Qian"
"DRR070607"	35800	34753	34753	34753	34732	33937	"Qian"
"DRR070608"	28348	28101	28101	28101	28058	27331	"Qian"
"DRR070609"	29737	29471	29471	29471	29442	28492	"Qian"
"DRR070610"	30356	30033	30033	30033	29965	29105	"Qian"
"DRR070611"	31301	30742	30742	30742	30685	29889	"Qian"
"DRR070612"	34283	33700	33700	33700	33546	33534	"Qian"
"DRR070613"	14760	13994	13994	13994	13903	13893	"Qian"
"DRR070614"	53711	51352	51352	51352	51106	51092	"Qian"
"DRR070615"	68726	66211	66211	66211	66040	65885	"Qian"
"DRR070616"	68108	65756	65756	65756	65516	65436	"Qian"
"DRR070617"	36500	36170	36170	36170	35591	35529	"Qian"
"DRR070618"	32970	32658	32658	32658	32507	32354	"Qian"
"DRR070619"	34283	33762	33762	33762	33592	33560	"Qian"
"DRR070620"	36352	36008	36008	36008	35661	35615	"Qian"
"DRR070621"	34366	33968	33968	33968	33608	33567	"Qian"
"DRR070622"	28745	28495	28495	28495	28414	28407	"Qian"
"DRR070623"	66140	63867	63867	63867	61311	61261	"Qian"
"DRR070624"	52331	49994	49994	49994	48125	48056	"Qian"
"DRR070625"	33454	33194	33194	33194	32796	32784	"Qian"
"DRR070626"	30684	30329	30329	30329	30021	30001	"Qian"
"DRR070627"	62359	61827	61827	61827	61588	61412	"Qian"
"DRR070628"	35081	34670	34670	34670	34572	34522	"Qian"
"DRR070629"	32439	32100	32100	32100	31964	31917	"Qian"
"DRR070630"	34197	33866	33866	33866	33707	33684	"Qian"
"DRR070631"	73506	70586	70586	70586	70069	70050	"Qian"
