"Original.Reads"	"Filtered.Reads"	"Denoised.Reads"	"tabled"	"Non.chimeric.Reads"	"pseq"	"study"
"SRR2044320_1"	14896	14895	14895	14895	14895	14895	"Seekatz"
"SRR2044321_1"	21586	21586	21586	21586	21586	21586	"Seekatz"
"SRR2044322_1"	20832	20831	20831	20831	20831	20831	"Seekatz"
"SRR2044323_1"	18888	18887	18887	18887	18887	18887	"Seekatz"
"SRR2044324_1"	42257	42256	42256	42256	42201	42201	"Seekatz"
"SRR2044325_1"	42360	42355	42355	42355	42345	42345	"Seekatz"
"SRR2044326_1"	33842	33838	33838	33838	33813	33813	"Seekatz"
"SRR2044327_1"	43044	43042	43042	43042	42979	42979	"Seekatz"
"SRR2044328_1"	34455	34453	34453	34453	34391	34391	"Seekatz"
"SRR2044329_1"	60603	60595	60595	60595	60497	60497	"Seekatz"
"SRR2044330_1"	42461	42457	42457	42457	42430	42430	"Seekatz"
"SRR2044331_1"	30274	30273	30273	30273	30247	30247	"Seekatz"
"SRR2044332_1"	71092	71089	71089	71089	70965	70965	"Seekatz"
"SRR2044333_1"	62552	62545	62545	62545	62344	62344	"Seekatz"
"SRR2044334_1"	34414	34413	34413	34413	34296	34296	"Seekatz"
"SRR2044335_1"	25245	25244	25244	25244	25244	25244	"Seekatz"
"SRR2044336_1"	30632	30631	30631	30631	30597	30597	"Seekatz"
"SRR2044337_1"	32972	32969	32969	32969	32879	32879	"Seekatz"
"SRR2044338_1"	29001	28999	28999	28999	28999	28999	"Seekatz"
"SRR2044339_1"	70016	70013	70013	70013	69773	69773	"Seekatz"
"SRR2044340_1"	48128	48123	48123	48123	48065	48065	"Seekatz"
"SRR2044341_1"	30394	30391	30391	30391	30391	30391	"Seekatz"
"SRR2044342_1"	56116	56114	56114	56114	55978	55978	"Seekatz"
"SRR2044343_1"	61843	61839	61839	61839	61782	61782	"Seekatz"
"SRR2044344_1"	34641	34640	34640	34640	34554	34551	"Seekatz"
"SRR2044345_1"	24605	24604	24604	24604	24595	24595	"Seekatz"
"SRR2044346_1"	25482	25479	25479	25479	25451	25451	"Seekatz"
"SRR2044347_1"	25530	25527	25527	25527	25423	25423	"Seekatz"
"SRR2044348_1"	62370	62364	62364	62364	62249	62249	"Seekatz"
"SRR2044349_1"	40519	40516	40516	40516	40477	40477	"Seekatz"
"SRR2044350_1"	45063	45061	45061	45061	44994	44994	"Seekatz"
"SRR2044351_1"	41148	41145	41145	41145	41088	41088	"Seekatz"
"SRR2044352_1"	58715	58714	58714	58714	58687	58687	"Seekatz"
"SRR2044353_1"	68990	68983	68983	68983	68872	68872	"Seekatz"
"SRR2044354_1"	34765	34762	34762	34762	34731	34731	"Seekatz"
"SRR2044355_1"	31800	31798	31798	31798	31746	31746	"Seekatz"
"SRR2044356_1"	20457	20455	20455	20455	20398	20398	"Seekatz"
"SRR2044357_1"	52966	52964	52964	52964	52909	52909	"Seekatz"
"SRR2044358_1"	79629	79624	79624	79624	79409	79409	"Seekatz"
"SRR2044359_1"	53889	53885	53885	53885	53849	53849	"Seekatz"
"SRR2044360_1"	35150	35148	35148	35148	35148	35141	"Seekatz"
"SRR2044361_1"	62470	62467	62467	62467	62374	62374	"Seekatz"
"SRR2044362_1"	39723	39721	39721	39721	39615	39615	"Seekatz"
"SRR2044363_1"	34272	34267	34267	34267	34259	34259	"Seekatz"
"SRR2044364_1"	31876	31876	31876	31876	31844	31844	"Seekatz"
"SRR2044365_1"	61616	61613	61613	61613	61532	61532	"Seekatz"
"SRR2044366_1"	55490	55486	55486	55486	55248	55248	"Seekatz"
"SRR2044367_1"	48627	48624	48624	48624	48624	48624	"Seekatz"
"SRR2044368_1"	54112	54107	54107	54107	54008	54008	"Seekatz"
"SRR2044369_1"	61927	61923	61923	61923	61840	61837	"Seekatz"
"SRR2044370_1"	37188	37185	37185	37185	37047	37047	"Seekatz"
"SRR2044371_1"	24397	24394	24394	24394	24394	24394	"Seekatz"
"SRR2044372_1"	23296	23294	23294	23294	23281	23281	"Seekatz"
"SRR2044373_1"	25033	25032	25032	25032	24937	24937	"Seekatz"
"SRR2044374_1"	33643	33643	33643	33643	33487	33487	"Seekatz"
"SRR2044375_1"	34999	34997	34997	34997	34772	34772	"Seekatz"
"SRR2044376_1"	46398	46396	46396	46396	45983	45983	"Seekatz"
"SRR2044377_1"	30694	30694	30694	30694	30506	30506	"Seekatz"
"SRR2044378_1"	47662	47659	47659	47659	47659	47659	"Seekatz"
"SRR2044379_1"	57107	57104	57104	57104	56706	56706	"Seekatz"
"SRR2044380_1"	36711	36710	36710	36710	36596	36596	"Seekatz"
"SRR2044381_1"	82413	82407	82407	82407	82383	82383	"Seekatz"
"SRR2044382_1"	22872	22872	22872	22872	22872	22872	"Seekatz"
"SRR2044383_1"	27274	27270	27270	27270	27132	27132	"Seekatz"
"SRR2044384_1"	48488	48484	48484	48484	47800	47800	"Seekatz"
"SRR2044385_1"	46233	46230	46230	46230	45989	45983	"Seekatz"
"SRR2044386_1"	40111	40106	40106	40106	39718	39718	"Seekatz"
"SRR2044387_1"	53909	53906	53906	53906	53859	53859	"Seekatz"
"SRR2044388_1"	47610	47603	47603	47603	47300	47300	"Seekatz"
"SRR2044389_1"	54048	54046	54046	54046	54046	54044	"Seekatz"
"SRR2044390_1"	40234	40233	40233	40233	40151	40151	"Seekatz"
"SRR2044391_1"	51430	51427	51427	51427	51427	51425	"Seekatz"
"SRR2044392_1"	21728	21726	21726	21726	21338	21257	"Seekatz"
"SRR2044393_1"	21017	21015	21015	21015	20943	20943	"Seekatz"
"SRR2044394_1"	34736	34733	34733	34733	34680	34680	"Seekatz"
"SRR2044395_1"	60404	60403	60403	60403	59730	59730	"Seekatz"
"SRR2044396_1"	32573	32571	32571	32571	31863	31863	"Seekatz"
"SRR2044397_1"	44163	44156	44156	44156	43797	43797	"Seekatz"
"SRR2044398_1"	67590	67588	67588	67588	67569	67569	"Seekatz"
"SRR2044399_1"	41332	41330	41330	41330	41156	41156	"Seekatz"
"SRR2044400_1"	55040	55038	55038	55038	55020	55020	"Seekatz"
"SRR2044401_1"	31548	31547	31547	31547	31530	31530	"Seekatz"
"SRR2044402_1"	31874	31872	31872	31872	31860	31860	"Seekatz"
"SRR2044403_1"	30724	30720	30720	30720	30680	30680	"Seekatz"
"SRR2044404_1"	43311	43309	43309	43309	42961	42961	"Seekatz"
"SRR2044405_1"	37932	37930	37930	37930	37512	37512	"Seekatz"
"SRR2044406_1"	40314	40311	40311	40311	39842	39842	"Seekatz"
"SRR2044407_1"	44899	44892	44892	44892	44476	44476	"Seekatz"
"SRR2044408_1"	63462	63459	63459	63459	63344	63344	"Seekatz"
"SRR2044409_1"	33259	33255	33255	33255	33144	33144	"Seekatz"
"SRR2044410_1"	49448	49442	49442	49442	49432	49432	"Seekatz"
"SRR2044411_1"	35926	35925	35925	35925	35847	35845	"Seekatz"
"SRR2044412_1"	20444	20444	20444	20444	20406	20406	"Seekatz"
"SRR2044413_1"	39227	39224	39224	39224	39181	39181	"Seekatz"
"SRR2044414_1"	22334	22332	22332	22332	22332	22332	"Seekatz"
"SRR2044415_1"	27758	27756	27756	27756	27544	27544	"Seekatz"
"SRR2044416_1"	55210	55204	55204	55204	54583	54583	"Seekatz"
"SRR2044417_1"	51955	51951	51951	51951	51692	51692	"Seekatz"
"SRR2044418_1"	42360	42354	42354	42354	42041	42041	"Seekatz"
"SRR2044419_1"	45311	45307	45307	45307	45307	45307	"Seekatz"
"SRR2044420_1"	42900	42898	42898	42898	42891	42891	"Seekatz"
"SRR2044421_1"	34361	34356	34356	34356	33578	33578	"Seekatz"
"SRR2044422_1"	42021	42019	42019	42019	41909	41907	"Seekatz"
"SRR2044423_1"	31970	31967	31967	31967	31900	31900	"Seekatz"
"SRR2044424_1"	27237	27234	27234	27234	27205	27205	"Seekatz"
"SRR2044425_1"	24068	24065	24065	24065	23754	23754	"Seekatz"
"SRR2044426_1"	91153	91151	91151	91151	90226	90226	"Seekatz"
"SRR2044427_1"	40158	40152	40152	40152	40034	40034	"Seekatz"
"SRR2044428_1"	52665	52661	52661	52661	52143	52143	"Seekatz"
"SRR2044429_1"	37142	37142	37142	37142	37131	37131	"Seekatz"
"SRR2044430_1"	51207	51202	51202	51202	50969	50969	"Seekatz"
"SRR2044431_1"	43983	43979	43979	43979	43519	43519	"Seekatz"
"SRR2044432_1"	38510	38507	38507	38507	38394	38394	"Seekatz"
"SRR2044433_1"	61269	61265	61265	61265	61105	61105	"Seekatz"
"SRR2044434_1"	31936	31935	31935	31935	31871	31871	"Seekatz"
"SRR2044435_1"	23895	23895	23895	23895	23824	23824	"Seekatz"
"SRR2044436_1"	48894	48890	48890	48890	48228	48228	"Seekatz"
"SRR2044437_1"	29460	29459	29459	29459	29410	29410	"Seekatz"
"SRR2044438_1"	21777	21773	21773	21773	21743	21743	"Seekatz"
"SRR2044439_1"	33613	33612	33612	33612	33294	33294	"Seekatz"
"SRR2044440_1"	44873	44867	44867	44867	44434	44434	"Seekatz"
"SRR2044441_1"	34300	34295	34295	34295	34138	34138	"Seekatz"
"SRR2044442_1"	41416	41411	41411	41411	41045	41045	"Seekatz"
"SRR2044443_1"	34056	34052	34052	34052	34052	34052	"Seekatz"
"SRR2044444_1"	67507	67502	67502	67502	67352	67323	"Seekatz"
"SRR2044445_1"	54930	54924	54924	54924	54408	54408	"Seekatz"
"SRR2044446_1"	34771	34771	34771	34771	34738	34736	"Seekatz"
"SRR2044447_1"	25923	25923	25923	25923	25880	25880	"Seekatz"
"SRR2044448_1"	38773	38770	38770	38770	38516	38516	"Seekatz"
"SRR2044449_1"	28378	28376	28376	28376	28203	28203	"Seekatz"
"SRR2044450_1"	36325	36320	36320	36320	36074	36074	"Seekatz"
"SRR2044451_1"	27217	27217	27217	27217	27217	27217	"Seekatz"
"SRR2044452_1"	51387	51382	51382	51382	51203	51201	"Seekatz"
"SRR2044453_1"	33958	33955	33955	33955	33633	33615	"Seekatz"
"SRR2044454_1"	33052	33049	33049	33049	32990	32987	"Seekatz"
"SRR2044455_1"	21276	21275	21275	21275	21256	21254	"Seekatz"
"SRR2044456_1"	36972	36972	36972	36972	36922	36922	"Seekatz"
"SRR2044457_1"	15850	15848	15848	15848	15840	15840	"Seekatz"
"SRR2044458_1"	30910	30909	30909	30909	30909	30909	"Seekatz"
"SRR2044459_1"	34878	34875	34875	34875	34334	34334	"Seekatz"
"SRR2044460_1"	46261	46254	46254	46254	45490	45490	"Seekatz"
"SRR2044461_1"	51254	51246	51246	51246	50737	50737	"Seekatz"
"SRR2044462_1"	35109	35109	35109	35109	34998	34998	"Seekatz"
"SRR2044463_1"	61072	61067	61067	61067	60760	60760	"Seekatz"
"SRR2044464_1"	47417	47415	47415	47415	46934	46934	"Seekatz"
"SRR2044465_1"	40508	40507	40507	40507	40492	40492	"Seekatz"
"SRR2044466_1"	56444	56436	56436	56436	56425	56425	"Seekatz"
"SRR2044467_1"	31215	31214	31214	31214	31188	31188	"Seekatz"
"SRR2044468_1"	16526	16526	16526	16526	16501	16501	"Seekatz"
"SRR2044469_1"	14712	14710	14710	14710	14688	14688	"Seekatz"
"SRR2044470_1"	33446	33442	33442	33442	32951	32951	"Seekatz"
"SRR2044471_1"	32349	32344	32344	32344	31906	31906	"Seekatz"
"SRR2044472_1"	45507	45501	45501	45501	45016	45016	"Seekatz"
"SRR2044473_1"	30973	30972	30972	30972	30972	30972	"Seekatz"
"SRR2044474_1"	52043	52038	52038	52038	51797	51797	"Seekatz"
"SRR2044475_1"	58264	58262	58262	58262	57405	57405	"Seekatz"
"SRR2044476_1"	27629	27627	27627	27627	27605	27605	"Seekatz"
"SRR2044477_1"	54193	54193	54193	54193	54193	54191	"Seekatz"
"SRR2044478_1"	26065	26060	26060	26060	26012	26012	"Seekatz"
"SRR2044479_1"	23536	23532	23532	23532	23521	23521	"Seekatz"
"SRR2044480_1"	56972	56969	56969	56969	56399	56399	"Seekatz"
"SRR2044481_1"	44419	44415	44415	44415	43950	43950	"Seekatz"
"SRR2044482_1"	54065	54062	54062	54062	52640	52640	"Seekatz"
"SRR2044483_1"	59497	59493	59493	59493	59068	59068	"Seekatz"
"SRR2044484_1"	34259	34258	34258	34258	34215	34215	"Seekatz"
"SRR2044485_1"	54320	54317	54317	54317	54247	54247	"Seekatz"
"SRR2044486_1"	43666	43662	43662	43662	43124	43124	"Seekatz"
"SRR2044487_1"	23523	23522	23522	23522	23502	23502	"Seekatz"
"SRR2044488_1"	17280	17280	17280	17280	17280	17280	"Seekatz"
"SRR2044489_1"	61907	61903	61903	61903	61454	61454	"Seekatz"
"SRR2044490_1"	66292	66286	66286	66286	65913	65913	"Seekatz"
"SRR2044491_1"	39474	39470	39470	39470	38746	38746	"Seekatz"
"SRR2044492_1"	33539	33536	33536	33536	33257	33257	"Seekatz"
"SRR2044493_1"	44886	44882	44882	44882	44869	44869	"Seekatz"
"SRR2044494_1"	49738	49734	49734	49734	49474	49474	"Seekatz"
"SRR2044495_1"	47169	47167	47167	47167	46858	46858	"Seekatz"
"SRR2044496_1"	52932	52927	52927	52927	52774	52771	"Seekatz"
"SRR2044497_1"	27790	27789	27789	27789	27738	27738	"Seekatz"
"SRR2044498_1"	30978	30974	30974	30974	30905	30905	"Seekatz"
"SRR2044499_1"	30245	30244	30244	30244	30238	30238	"Seekatz"
"SRR2044500_1"	28638	28637	28637	28637	28524	28524	"Seekatz"
"SRR2044501_1"	62085	62083	62083	62083	61865	61865	"Seekatz"
"SRR2044502_1"	28918	28916	28916	28916	28911	28911	"Seekatz"
"SRR2044503_1"	16492	16492	16492	16492	16492	16492	"Seekatz"
"SRR2044504_1"	23398	23395	23395	23395	23276	23276	"Seekatz"
"SRR2044505_1"	41410	41404	41404	41404	40859	40859	"Seekatz"
"SRR2044506_1"	51467	51461	51461	51461	50921	50921	"Seekatz"
"SRR2044507_1"	29824	29822	29822	29822	29728	29728	"Seekatz"
"SRR2044508_1"	40352	40350	40350	40350	40340	40340	"Seekatz"
"SRR2044509_1"	51634	51629	51629	51629	51511	51511	"Seekatz"
"SRR2044510_1"	36656	36655	36655	36655	36350	36350	"Seekatz"
"SRR2044511_1"	50372	50368	50368	50368	50270	50270	"Seekatz"
"SRR2044512_1"	35146	35145	35145	35145	35135	35135	"Seekatz"
"SRR2044513_1"	18148	18148	18148	18148	18148	18148	"Seekatz"
"SRR2044514_1"	28186	28182	28182	28182	28182	28182	"Seekatz"
"SRR2044515_1"	32924	32922	32922	32922	32581	32581	"Seekatz"
"SRR2044516_1"	38929	38926	38926	38926	38703	38700	"Seekatz"
"SRR2044517_1"	35850	35847	35847	35847	35741	35741	"Seekatz"
"SRR2044518_1"	27653	27652	27652	27652	27652	27652	"Seekatz"
"SRR2044519_1"	36783	36775	36775	36775	36675	36675	"Seekatz"
"SRR2044520_1"	65085	65082	65082	65082	64397	64397	"Seekatz"
"SRR2044521_1"	31899	31895	31895	31895	31883	31883	"Seekatz"
"SRR2044522_1"	19561	19560	19560	19560	19560	19560	"Seekatz"
"SRR2044523_1"	57346	57344	57344	57344	56690	56690	"Seekatz"
"SRR2044524_1"	42959	42953	42953	42953	42553	42553	"Seekatz"
"SRR2044525_1"	46969	46967	46967	46967	46340	46340	"Seekatz"
"SRR2044526_1"	35450	35445	35445	35445	35158	35158	"Seekatz"
"SRR2044527_1"	39140	39140	39140	39140	39049	39049	"Seekatz"
"SRR2044528_1"	38796	38796	38796	38796	38590	38590	"Seekatz"
"SRR2044529_1"	28345	28345	28345	28345	27844	27844	"Seekatz"
"SRR2044530_1"	38199	38198	38198	38198	38075	38069	"Seekatz"
"SRR2044531_1"	31428	31425	31425	31425	31404	31404	"Seekatz"
"SRR2044532_1"	31928	31927	31927	31927	31907	31907	"Seekatz"
"SRR2044533_1"	20390	20386	20386	20386	20368	20368	"Seekatz"
"SRR2044534_1"	23679	23677	23677	23677	23538	23538	"Seekatz"
"SRR2044535_1"	30213	30210	30210	30210	29903	29903	"Seekatz"
"SRR2044536_1"	49360	49352	49352	49352	48799	48799	"Seekatz"
"SRR2044537_1"	68018	68010	68010	68010	67443	67443	"Seekatz"
"SRR2044538_1"	28880	28877	28877	28877	28877	28877	"Seekatz"
"SRR2044539_1"	47247	47244	47244	47244	46970	46970	"Seekatz"
"SRR2044540_1"	37760	37755	37755	37755	37613	37613	"Seekatz"
"SRR2044541_1"	27646	27646	27646	27646	27577	27577	"Seekatz"
"SRR2044542_1"	43848	43845	43845	43845	43816	43816	"Seekatz"
"SRR2044543_1"	31090	31088	31088	31088	31051	31051	"Seekatz"
"SRR2044544_1"	28990	28987	28987	28987	28948	28945	"Seekatz"
"SRR2044545_1"	57340	57337	57337	57337	57299	57297	"Seekatz"
"SRR2044546_1"	28285	28284	28284	28284	28215	28215	"Seekatz"
"SRR2044547_1"	18507	18506	18506	18506	18497	18497	"Seekatz"
"SRR2044548_1"	35289	35286	35286	35286	34572	34572	"Seekatz"
"SRR2044549_1"	58181	58173	58173	58173	57615	57615	"Seekatz"
"SRR2044550_1"	55962	55959	55959	55959	55531	55531	"Seekatz"
"SRR2044551_1"	29778	29777	29777	29777	29588	29588	"Seekatz"
"SRR2044552_1"	28475	28474	28474	28474	28349	28349	"Seekatz"
"SRR2044553_1"	42953	42952	42952	42952	42854	42854	"Seekatz"
"SRR2044554_1"	23005	23003	23003	23003	23003	23003	"Seekatz"
"SRR2044555_1"	25288	25288	25288	25288	25218	25218	"Seekatz"
"SRR2044556_1"	25369	25366	25366	25366	25366	25366	"Seekatz"
"SRR2044557_1"	36671	36668	36668	36668	36215	36215	"Seekatz"
"SRR2044558_1"	33148	33143	33143	33143	32958	32958	"Seekatz"
"SRR2044559_1"	38668	38667	38667	38667	38551	38551	"Seekatz"
"SRR2044560_1"	35505	35500	35500	35500	35373	35373	"Seekatz"
"SRR2044561_1"	10377	10377	10377	10377	10377	10377	"Seekatz"
"SRR2044562_1"	44944	44942	44942	44942	44741	44741	"Seekatz"
"SRR2044563_1"	20695	20693	20693	20693	20664	20664	"Seekatz"
"SRR2044564_1"	34412	34410	34410	34410	34322	34322	"Seekatz"
"SRR2044565_1"	31547	31545	31545	31545	31335	31335	"Seekatz"
"SRR2044566_1"	39417	39413	39413	39413	38979	38979	"Seekatz"
"SRR2044567_1"	46567	46561	46561	46561	46195	46195	"Seekatz"
"SRR2044568_1"	32611	32610	32610	32610	32432	32432	"Seekatz"
"SRR2044569_1"	41012	41008	41008	41008	40710	40710	"Seekatz"
"SRR2044570_1"	18498	18497	18497	18497	18448	18448	"Seekatz"
"SRR2044571_1"	47174	47171	47171	47171	46906	46906	"Seekatz"
"SRR2044572_1"	19516	19513	19513	19513	19513	19513	"Seekatz"
"SRR2044573_1"	55409	55401	55401	55401	55021	55021	"Seekatz"
"SRR2044574_1"	78272	78237	78237	78237	78237	73048	"Seekatz"
"SRR2044575_1"	51892	51889	51889	51889	51889	51889	"Seekatz"
"SRR2044576_1"	39753	39753	39753	39753	39753	39753	"Seekatz"
"SRR2044577_1"	40565	40562	40562	40562	40173	40171	"Seekatz"
"SRR2044578_1"	42348	42347	42347	42347	42347	42345	"Seekatz"
"SRR2044579_1"	35657	35656	35656	35656	35656	35656	"Seekatz"
"SRR2044580_1"	36251	36251	36251	36251	36167	36167	"Seekatz"
"SRR2044581_1"	44318	44315	44315	44315	44078	44078	"Seekatz"
"SRR2044582_1"	49164	49160	49160	49160	48580	48580	"Seekatz"
"SRR2044583_1"	55728	55723	55723	55723	55489	55489	"Seekatz"
"SRR2044584_1"	54114	54094	54094	54094	54069	54052	"Seekatz"
"SRR2044585_1"	45577	45575	45575	45575	45575	45575	"Seekatz"
"SRR2044586_1"	41475	41473	41473	41473	41473	41473	"Seekatz"
"SRR2044587_1"	40850	40847	40847	40847	40715	40715	"Seekatz"
"SRR2044588_1"	52533	52529	52529	52529	52529	52527	"Seekatz"
"SRR2044589_1"	40394	40393	40393	40393	40393	40393	"Seekatz"
"SRR2044590_1"	38583	38583	38583	38583	38516	38516	"Seekatz"
"SRR2044591_1"	35068	35067	35067	35067	35005	35005	"Seekatz"
"SRR2044592_1"	67652	67647	67647	67647	67244	67244	"Seekatz"
"SRR2044593_1"	51959	51948	51948	51948	51454	50471	"Seekatz"
"SRR2044594_1"	49651	49650	49650	49650	49650	49648	"Seekatz"
"SRR2044595_1"	31777	31776	31776	31776	31679	31679	"Seekatz"
"SRR2044596_1"	37542	37541	37541	37541	37541	37541	"Seekatz"
"SRR2044597_1"	37827	37825	37825	37825	37770	37764	"Seekatz"
"SRR2044598_1"	39253	39251	39251	39251	39074	39074	"Seekatz"
"SRR2044599_1"	43815	43815	43815	43815	43543	43543	"Seekatz"
"SRR2044600_1"	17572	17569	17569	17569	17569	17569	"Seekatz"
"SRR2044601_1"	25806	25806	25806	25806	25780	25780	"Seekatz"
"SRR2044602_1"	23054	23051	23051	23051	23019	23019	"Seekatz"
"SRR2044603_1"	12170	12170	12170	12170	12157	12157	"Seekatz"
"SRR2044604_1"	19688	19687	19687	19687	19677	19677	"Seekatz"
"SRR2044605_1"	14218	14218	14218	14218	14206	14206	"Seekatz"
"SRR2044606_1"	25237	25233	25233	25233	25233	25233	"Seekatz"
"SRR2044607_1"	10898	10896	10896	10896	10888	10888	"Seekatz"
