"Original.Reads"	"Filtered.Reads"	"Denoised.Reads"	"tabled"	"Non.chimeric.Reads"	"pseq"	"study"
"SRR2062782_1"	194158	193420	193420	193420	178658	175639	"Vaquer"
"SRR2062784_1"	110703	110287	110287	110287	102588	100718	"Vaquer"
"SRR2062785_1"	146708	145784	145784	145784	133155	128430	"Vaquer"
"SRR2062786_1"	194650	193616	193616	193616	185657	178992	"Vaquer"
"SRR2062787_1"	204394	203689	203689	203689	196087	193552	"Vaquer"
"SRR2062788_1"	229067	227291	227291	227291	214087	202099	"Vaquer"
"SRR2062789_1"	152606	151725	151725	151725	143222	138881	"Vaquer"
"SRR2062790_1"	141817	141233	141233	141233	132688	130313	"Vaquer"
"SRR2062791_1"	178237	177533	177533	177533	166349	162970	"Vaquer"
"SRR2062792_1"	187604	186710	186710	186710	180033	174347	"Vaquer"
"SRR2062793_1"	296899	294738	294738	294738	286112	271822	"Vaquer"
"SRR2062794_1"	202127	200364	200364	200364	187525	175102	"Vaquer"
"SRR2062795_1"	267770	266050	266050	266050	244454	234904	"Vaquer"
"SRR2062796_1"	156884	156376	156376	156376	147282	144837	"Vaquer"
"SRR2062797_1"	168579	167697	167697	167697	159612	155184	"Vaquer"
"SRR2062798_1"	224681	223502	223502	223502	217434	210488	"Vaquer"
"SRR2062799_1"	246594	245607	245607	245607	233827	229473	"Vaquer"
"SRR2062800_1"	223193	222217	222217	222217	198767	194388	"Vaquer"
"SRR2062801_1"	250694	249411	249411	249411	230947	225125	"Vaquer"
"SRR2062802_1"	82586	82299	82299	82299	76261	75061	"Vaquer"
"SRR2062803_1"	99523	99041	99041	99041	92786	90346	"Vaquer"
"SRR2062804_1"	162800	161803	161803	161803	154186	147730	"Vaquer"
"SRR2062805_1"	303960	302822	302822	302822	287345	282701	"Vaquer"
"SRR2062806_1"	203834	202056	202056	202056	190572	179687	"Vaquer"
"SRR2062807_1"	190322	189046	189046	189046	177883	171368	"Vaquer"
"SRR2062808_1"	178685	177892	177892	177892	168111	164363	"Vaquer"
"SRR2062809_1"	174406	173424	173424	173424	162733	158122	"Vaquer"
"SRR2062810_1"	158209	153731	153731	153731	129809	88787	"Vaquer"
"SRR2062811_1"	262001	260376	260376	260376	252155	241633	"Vaquer"
"SRR2062812_1"	184777	183265	183265	183265	171218	159946	"Vaquer"
"SRR2062813_1"	333358	331012	331012	331012	304631	291164	"Vaquer"
"SRR2062814_1"	128407	127857	127857	127857	119781	116996	"Vaquer"
"SRR2062815_1"	131669	131171	131171	131171	121067	119371	"Vaquer"
"SRR2062816_1"	195943	195097	195097	195097	188793	183405	"Vaquer"
"SRR2062817_1"	176772	176069	176069	176069	167495	165336	"Vaquer"
"SRR2062818_1"	168993	167707	167707	167707	157606	149452	"Vaquer"
"SRR2062819_1"	210790	208669	208669	208669	194531	181984	"Vaquer"
"SRR2062820_1"	104565	104176	104176	104176	98819	97423	"Vaquer"
"SRR2062821_1"	173758	173103	173103	173103	164378	161929	"Vaquer"
"SRR2062822_1"	216999	216077	216077	216077	206069	200124	"Vaquer"
"SRR2062823_1"	254237	252596	252596	252596	243264	233165	"Vaquer"
"SRR2062824_1"	120797	120289	120289	120289	117276	114408	"Vaquer"
"SRR2062825_1"	233960	232661	232661	232661	227160	215329	"Vaquer"
"SRR2062826_1"	151535	151105	151105	151105	140793	139434	"Vaquer"
"SRR2062827_1"	300107	298036	298036	298036	285755	268808	"Vaquer"
"SRR2062828_1"	258080	257289	257289	257289	243723	240043	"Vaquer"
"SRR2062829_1"	224062	223383	223383	223383	212693	209900	"Vaquer"
"SRR2062830_1"	205107	204582	204582	204582	198441	196347	"Vaquer"
"SRR2062831_1"	177480	176905	176905	176905	168913	165290	"Vaquer"
"SRR2062832_1"	106784	106358	106358	106358	99776	97189	"Vaquer"
"SRR2062833_1"	117295	113624	113624	113624	96682	66275	"Vaquer"
"SRR2062834_1"	225007	224190	224190	224190	213227	207646	"Vaquer"
"SRR2062835_1"	246165	245325	245325	245325	234187	230218	"Vaquer"
"SRR2062836_1"	220976	219664	219664	219664	215069	204613	"Vaquer"
"SRR2062837_1"	160355	159818	159818	159818	152918	150092	"Vaquer"
"SRR2062838_1"	165551	159752	159752	159752	154558	82401	"Vaquer"
"SRR2062839_1"	159284	158361	158361	158361	152295	146058	"Vaquer"
"SRR2062840_1"	286059	284706	284706	284706	277086	265450	"Vaquer"
"SRR2062841_1"	273238	272495	272495	272495	264827	260492	"Vaquer"
"SRR2062842_1"	211446	210472	210472	210472	205522	198612	"Vaquer"
"SRR2062843_1"	124792	124381	124381	124381	119564	117414	"Vaquer"
"SRR2062844_1"	119570	115185	115185	115185	113833	59853	"Vaquer"
"SRR2062845_1"	149174	145590	145590	145590	128455	99764	"Vaquer"
"SRR2062846_1"	215112	214344	214344	214344	206852	202058	"Vaquer"
"SRR2062847_1"	262979	261870	261870	261870	256429	248540	"Vaquer"
"SRR2062848_1"	248179	246610	246610	246610	239752	227668	"Vaquer"
"SRR2062849_1"	221704	220587	220587	220587	214822	204958	"Vaquer"
"SRR2062850_1"	147532	143772	143772	143772	139763	95593	"Vaquer"
"SRR2062851_1"	213180	212153	212153	212153	197936	192719	"Vaquer"
"SRR2062852_1"	300625	299343	299343	299343	286500	274175	"Vaquer"
"SRR2062853_1"	261851	259818	259818	259818	238632	208904	"Vaquer"
"SRR2062854_1"	193357	192556	192556	192556	186942	182293	"Vaquer"
"SRR2062855_1"	167401	163504	163504	163504	157390	107874	"Vaquer"
"SRR2062856_1"	142940	138334	138334	138334	136162	79170	"Vaquer"
"SRR2062857_1"	210680	209967	209967	209967	199044	195931	"Vaquer"
"SRR2062858_1"	175417	174208	174208	174208	165058	160213	"Vaquer"
"SRR2062859_1"	106349	105502	105502	105502	98522	93140	"Vaquer"
"SRR2062860_1"	180399	179023	179023	179023	169887	161309	"Vaquer"
"SRR2062861_1"	124493	123454	123454	123454	114288	109133	"Vaquer"
"SRR2062862_1"	193245	190971	190971	190971	171150	146315	"Vaquer"
"SRR2062863_1"	276308	270826	270826	270826	225624	154250	"Vaquer"
"SRR2062864_1"	166312	165282	165282	165282	157872	152848	"Vaquer"
"SRR2062865_1"	96291	93480	93480	93480	68823	35426	"Vaquer"
"SRR2062866_1"	126419	124504	124504	124504	110236	87409	"Vaquer"
"SRR2062867_1"	122630	121719	121719	121719	112796	107755	"Vaquer"
"SRR2062868_1"	227675	226426	226426	226426	208980	203183	"Vaquer"
"SRR2062869_1"	250667	246133	246133	246133	210802	151607	"Vaquer"
"SRR2062870_1"	334291	332131	332131	332131	320232	310812	"Vaquer"
"SRR2062871_1"	142534	141630	141630	141630	132041	128079	"Vaquer"
"SRR2062872_1"	70593	69808	69808	69808	63759	57130	"Vaquer"
"SRR2062873_1"	130974	130174	130174	130174	121673	119228	"Vaquer"
"SRR2062874_1"	317593	315841	315841	315841	296783	288410	"Vaquer"
"SRR2062875_1"	244110	239725	239725	239725	211102	158341	"Vaquer"
"SRR2062876_1"	207905	206761	206761	206761	198552	193674	"Vaquer"
"SRR2062877_1"	105562	104747	104747	104747	97152	92526	"Vaquer"
"SRR2062878_1"	74887	74064	74064	74064	67961	60763	"Vaquer"
"SRR2062879_1"	220118	218460	218460	218460	205740	192387	"Vaquer"
"SRR2062880_1"	280595	278403	278403	278403	236626	218210	"Vaquer"
"SRR2062881_1"	306121	300203	300203	300203	256684	183727	"Vaquer"
"SRR2062882_1"	114502	111264	111264	111264	89708	46094	"Vaquer"
"SRR2062883_1"	229809	228458	228458	228458	219437	212443	"Vaquer"
"SRR2062884_1"	101933	101120	101120	101120	94553	88311	"Vaquer"
"SRR2062885_1"	139688	138868	138868	138868	132962	129094	"Vaquer"
"SRR2062886_1"	227999	226918	226918	226918	216304	211715	"Vaquer"
"SRR2062887_1"	275469	270686	270686	270686	237958	180753	"Vaquer"
"SRR2062888_1"	130302	129577	129577	129577	124483	122551	"Vaquer"
"SRR2062889_1"	150743	149996	149996	149996	142761	140607	"Vaquer"
"SRR2062890_1"	328071	316961	316961	316961	307184	62425	"Vaquer"
"SRR2062891_1"	349384	344327	344327	344327	329337	249408	"Vaquer"
"SRR2062892_1"	183831	182694	182694	182694	172833	168324	"Vaquer"
"SRR2062893_1"	322488	313934	313934	313934	299760	107924	"Vaquer"
"SRR2062894_1"	281268	272200	272200	272200	271055	65514	"Vaquer"
"SRR2062895_1"	271058	264489	264489	264489	233818	121671	"Vaquer"
"SRR2062896_1"	372852	362194	362194	362194	360612	136816	"Vaquer"
"SRR2062897_1"	180474	178993	178993	178993	171604	160305	"Vaquer"
"SRR2062898_1"	263155	261082	261082	261082	244064	230413	"Vaquer"
"SRR2062899_1"	392570	380586	380586	380586	373047	107262	"Vaquer"
"SRR2062900_1"	291091	281221	281221	281221	276039	52190	"Vaquer"
"SRR2062901_1"	254473	248270	248270	248270	219185	110340	"Vaquer"
"SRR2062902_1"	329339	318896	318896	318896	315884	87196	"Vaquer"
