"Original.Reads"	"Filtered.Reads"	"Denoised.Reads"	"tabled"	"Non.chimeric.Reads"	"pseq"	"study"
"SRR3053238_1"	43398	43392	43392	43392	43388	43379	"Venkataraman"
"SRR3053239_1"	26720	26716	26716	26716	26560	26500	"Venkataraman"
"SRR3053240_1"	37404	37397	37397	37397	37318	37304	"Venkataraman"
"SRR3053241_1"	38467	38461	38461	38461	38313	38298	"Venkataraman"
"SRR3053242_1"	44213	44207	44207	44207	44151	44086	"Venkataraman"
"SRR3053243_1"	29483	29481	29481	29481	29466	29422	"Venkataraman"
"SRR3053244_1"	46632	46625	46625	46625	46515	46463	"Venkataraman"
"SRR3053245_1"	42522	42513	42513	42513	42402	42320	"Venkataraman"
"SRR3053246_1"	51846	51840	51840	51840	51442	51425	"Venkataraman"
"SRR3053247_1"	64038	64031	64031	64031	63006	62993	"Venkataraman"
"SRR3053248_1"	27935	27932	27932	27932	27636	27636	"Venkataraman"
"SRR3053249_1"	67938	67935	67935	67935	67582	67580	"Venkataraman"
"SRR3053250_1"	44876	44870	44870	44870	44311	44308	"Venkataraman"
"SRR3053251_1"	42091	42085	42085	42085	42008	42000	"Venkataraman"
"SRR3053252_1"	29866	29865	29865	29865	29808	29805	"Venkataraman"
"SRR3053253_1"	33122	33119	33119	33119	32995	32986	"Venkataraman"
"SRR3053254_1"	37590	37587	37587	37587	37446	37446	"Venkataraman"
"SRR3053255_1"	29549	29547	29547	29547	29290	29290	"Venkataraman"
"SRR3053256_1"	48533	48528	48528	48528	48064	48064	"Venkataraman"
"SRR3053257_1"	50373	50367	50367	50367	50097	50097	"Venkataraman"
"SRR3053258_1"	31694	31688	31688	31688	31672	31672	"Venkataraman"
"SRR3053259_1"	41291	41289	41289	41289	41185	41185	"Venkataraman"
"SRR3053260_1"	21682	21681	21681	21681	21677	21677	"Venkataraman"
"SRR3053261_1"	40831	40829	40829	40829	40558	40555	"Venkataraman"
"SRR3053262_1"	43153	43150	43150	43150	42404	42402	"Venkataraman"
"SRR3053263_1"	59153	59147	59147	59147	58152	58152	"Venkataraman"
"SRR3053264_1"	47742	47738	47738	47738	47019	47019	"Venkataraman"
"SRR3053265_1"	46039	46035	46035	46035	45531	45531	"Venkataraman"
"SRR3053266_1"	46034	46026	46026	46026	45473	45473	"Venkataraman"
"SRR3053267_1"	24900	24895	24895	24895	24524	24524	"Venkataraman"
"SRR3053268_1"	52281	52280	52280	52280	51959	51959	"Venkataraman"
"SRR3053269_1"	45719	45715	45715	45715	44827	44827	"Venkataraman"
"SRR3053270_1"	27604	27603	27603	27603	27000	27000	"Venkataraman"
"SRR3053271_1"	31026	31023	31023	31023	30183	30183	"Venkataraman"
"SRR3053272_1"	16663	16660	16660	16660	16259	16259	"Venkataraman"
"SRR3053273_1"	14852	14852	14852	14852	13753	13753	"Venkataraman"
"SRR3053274_1"	23143	23143	23143	23143	22640	22640	"Venkataraman"
"SRR3053275_1"	44193	44185	44185	44185	43477	43477	"Venkataraman"
"SRR3053276_1"	37105	37103	37103	37103	35807	35807	"Venkataraman"
"SRR3053277_1"	29320	29319	29319	29319	28825	28825	"Venkataraman"
"SRR3053278_1"	51843	51838	51838	51838	51644	51516	"Venkataraman"
"SRR3053279_1"	3011	3010	3010	3010	3010	3010	"Venkataraman"
"SRR3053280_1"	45110	45105	45105	45105	44933	44820	"Venkataraman"
"SRR3053281_1"	10413	10413	10413	10413	10389	10382	"Venkataraman"
"SRR3053282_1"	24359	24356	24356	24356	24109	24081	"Venkataraman"
"SRR3053283_1"	25321	25319	25319	25319	24751	24729	"Venkataraman"
"SRR3053284_1"	42858	42855	42855	42855	42764	42697	"Venkataraman"
"SRR3053285_1"	30665	30664	30664	30664	30178	30120	"Venkataraman"
"SRR3053286_1"	38603	38597	38597	38597	38491	38453	"Venkataraman"
"SRR3053287_1"	42128	42123	42123	42123	42092	42030	"Venkataraman"
"SRR3053288_1"	23039	23033	23033	23033	22984	22940	"Venkataraman"
"SRR3053289_1"	66765	66758	66758	66758	66600	66559	"Venkataraman"
"SRR3053290_1"	48969	48962	48962	48962	48896	48805	"Venkataraman"
"SRR3053291_1"	51842	51839	51839	51839	51762	51713	"Venkataraman"
"SRR3053292_1"	32559	32555	32555	32555	32466	32425	"Venkataraman"
"SRR3053293_1"	37035	37032	37032	37032	36933	36883	"Venkataraman"
"SRR3053294_1"	48568	48562	48562	48562	48056	48056	"Venkataraman"
"SRR3053295_1"	50302	50299	50299	50299	49613	49609	"Venkataraman"
"SRR3053296_1"	43763	43758	43758	43758	43397	43395	"Venkataraman"
"SRR3053297_1"	48992	48987	48987	48987	48475	48475	"Venkataraman"
"SRR3053298_1"	53882	53872	53872	53872	53588	53588	"Venkataraman"
"SRR3053299_1"	34375	34372	34372	34372	34140	34140	"Venkataraman"
"SRR3053300_1"	52156	52148	52148	52148	51610	51610	"Venkataraman"
"SRR3053301_1"	55809	55803	55803	55803	55418	55415	"Venkataraman"
"SRR3053302_1"	32938	32935	32935	32935	32696	32671	"Venkataraman"
"SRR3053303_1"	49814	49810	49810	49810	49577	49497	"Venkataraman"
"SRR3053304_1"	33745	33744	33744	33744	33538	33496	"Venkataraman"
"SRR3053305_1"	50579	50573	50573	50573	50208	50176	"Venkataraman"
"SRR3053306_1"	39866	39861	39861	39861	39435	39389	"Venkataraman"
"SRR3053307_1"	43763	43759	43759	43759	43264	43208	"Venkataraman"
"SRR3053308_1"	42750	42744	42744	42744	42339	42269	"Venkataraman"
"SRR3053309_1"	42156	42155	42155	42155	41641	41590	"Venkataraman"
"SRR3053310_1"	32998	32994	32994	32994	32698	32698	"Venkataraman"
"SRR3053311_1"	22070	22069	22069	22069	21889	21889	"Venkataraman"
"SRR3053312_1"	23666	23662	23662	23662	23507	23507	"Venkataraman"
"SRR3053313_1"	39930	39925	39925	39925	39723	39723	"Venkataraman"
"SRR3053314_1"	32286	32279	32279	32279	31811	31811	"Venkataraman"
"SRR3053315_1"	54462	54458	54458	54458	54242	54242	"Venkataraman"
"SRR3053316_1"	30146	30142	30142	30142	30026	30026	"Venkataraman"
"SRR3053317_1"	28731	28731	28731	28731	28595	28595	"Venkataraman"
"SRR3053318_1"	52109	52104	52104	52104	51527	51527	"Venkataraman"
"SRR3053319_1"	42827	42823	42823	42823	42420	42418	"Venkataraman"
"SRR3053320_1"	44683	44674	44674	44674	44317	44317	"Venkataraman"
"SRR3053321_1"	43385	43380	43380	43380	43100	43098	"Venkataraman"
"SRR3053322_1"	34556	34553	34553	34553	33850	33850	"Venkataraman"
"SRR3053323_1"	42304	42299	42299	42299	41761	41761	"Venkataraman"
"SRR3053324_1"	55436	55430	55430	55430	54641	54641	"Venkataraman"
"SRR3053325_1"	58825	58823	58823	58823	58190	58190	"Venkataraman"
"SRR3053326_1"	38418	38415	38415	38415	38176	38176	"Venkataraman"
"SRR3053327_1"	57821	57812	57812	57812	57227	57227	"Venkataraman"
"SRR3053328_1"	48168	48161	48161	48161	47416	47416	"Venkataraman"
"SRR3053329_1"	38378	38373	38373	38373	37788	37786	"Venkataraman"
"SRR3053330_1"	56559	56557	56557	56557	56036	56036	"Venkataraman"
"SRR3053331_1"	59125	59121	59121	59121	58329	58329	"Venkataraman"
"SRR3053332_1"	31410	31409	31409	31409	30875	30875	"Venkataraman"
"SRR3053333_1"	36607	36603	36603	36603	36412	36412	"Venkataraman"
"SRR3053334_1"	46163	46158	46158	46158	45952	45952	"Venkataraman"
"SRR3053335_1"	22184	22181	22181	22181	21957	21957	"Venkataraman"
"SRR3053336_1"	40394	40390	40390	40390	40104	40099	"Venkataraman"
"SRR3053337_1"	40369	40366	40366	40366	40035	40035	"Venkataraman"
"SRR3053338_1"	52555	52548	52548	52548	52366	52366	"Venkataraman"
"SRR3053339_1"	36239	36230	36230	36230	36010	36010	"Venkataraman"
"SRR3053340_1"	37305	37295	37295	37295	37136	37136	"Venkataraman"
"SRR3053341_1"	53423	53422	53422	53422	52960	52960	"Venkataraman"
"SRR3053342_1"	47376	47373	47373	47373	47002	47002	"Venkataraman"
"SRR3053343_1"	40897	40893	40893	40893	40437	40437	"Venkataraman"
"SRR3053344_1"	57812	57809	57809	57809	57703	57703	"Venkataraman"
"SRR3053345_1"	18907	18905	18905	18905	18603	18603	"Venkataraman"
"SRR3053346_1"	44710	44707	44707	44707	43887	43887	"Venkataraman"
"SRR3053347_1"	30015	30013	30013	30013	29998	29998	"Venkataraman"
"SRR3053348_1"	36565	36557	36557	36557	35938	35938	"Venkataraman"
"SRR3053349_1"	46750	46748	46748	46748	46399	46399	"Venkataraman"
"SRR3053350_1"	51512	51512	51512	51512	51059	51059	"Venkataraman"
"SRR3053351_1"	53422	53419	53419	53419	52887	52887	"Venkataraman"
"SRR3053352_1"	29346	29344	29344	29344	29227	29227	"Venkataraman"
"SRR3053353_1"	46486	46480	46480	46480	46359	46359	"Venkataraman"
"SRR3053354_1"	30623	30620	30620	30620	30544	30544	"Venkataraman"
"SRR3053355_1"	29491	29491	29491	29491	29482	29482	"Venkataraman"
"SRR3053356_1"	38271	38265	38265	38265	37993	37993	"Venkataraman"
"SRR3053357_1"	29110	29101	29101	29101	29080	29062	"Venkataraman"
"SRR3053358_1"	40957	40950	40950	40950	40909	40889	"Venkataraman"
"SRR3053359_1"	55362	55354	55354	55354	55258	55216	"Venkataraman"
"SRR3053360_1"	29353	29350	29350	29350	29281	29252	"Venkataraman"
"SRR3053361_1"	36657	36654	36654	36654	36641	36595	"Venkataraman"
"SRR3053362_1"	34013	34011	34011	34011	34004	33897	"Venkataraman"
"SRR3053380_1"	21682	21680	21680	21680	21680	21657	"Venkataraman"
"SRR3053386_1"	28861	28858	28858	28858	28855	28665	"Venkataraman"
"SRR3053387_1"	48335	48330	48330	48330	47578	47578	"Venkataraman"
"SRR3053388_1"	38249	38247	38247	38247	37604	37604	"Venkataraman"
"SRR3053389_1"	51582	51575	51575	51575	50791	50791	"Venkataraman"
"SRR3053390_1"	41410	41404	41404	41404	40690	40690	"Venkataraman"
"SRR3053391_1"	30515	30511	30511	30511	30072	30072	"Venkataraman"
"SRR3053392_1"	52834	52827	52827	52827	52555	52555	"Venkataraman"
"SRR3053393_1"	43334	43327	43327	43327	43190	43190	"Venkataraman"
"SRR3053410_1"	47930	47927	47927	47927	46843	46843	"Venkataraman"
"SRR3053411_1"	57678	57675	57675	57675	56322	56316	"Venkataraman"
"SRR3053434_1"	48830	48826	48826	48826	47857	47857	"Venkataraman"
"SRR3053458_1"	33810	33808	33808	33808	33077	33077	"Venkataraman"
"SRR3053459_1"	6670	6670	6670	6670	6476	6476	"Venkataraman"
"SRR3053460_1"	32422	32420	32420	32420	32017	32017	"Venkataraman"
"SRR3053461_1"	46543	46539	46539	46539	45310	45310	"Venkataraman"
"SRR3053462_1"	41001	40998	40998	40998	40462	40439	"Venkataraman"
"SRR3053463_1"	44269	44264	44264	44264	43742	43689	"Venkataraman"
"SRR3053488_1"	38115	38109	38109	38109	37536	37508	"Venkataraman"
"SRR3053489_1"	53936	53933	53933	53933	53215	53080	"Venkataraman"
"SRR3053511_1"	13340	13340	13340	13340	13047	13043	"Venkataraman"
"SRR3053512_1"	50516	50513	50513	50513	49746	49702	"Venkataraman"
"SRR3053535_1"	25283	25279	25279	25279	24969	24955	"Venkataraman"
"SRR3053536_1"	43079	43077	43077	43077	42423	42382	"Venkataraman"
"SRR3053537_1"	45746	45741	45741	45741	45245	45245	"Venkataraman"
"SRR3053538_1"	34766	34761	34761	34761	34317	34315	"Venkataraman"
"SRR3053539_1"	44067	44061	44061	44061	43448	43448	"Venkataraman"
"SRR3053540_1"	38081	38076	38076	38076	37630	37630	"Venkataraman"
"SRR3053541_1"	27227	27226	27226	27226	27226	27226	"Venkataraman"
"SRR3053542_1"	43637	43636	43636	43636	43219	43219	"Venkataraman"
"SRR3053543_1"	27378	27375	27375	27375	27097	27097	"Venkataraman"
"SRR3053544_1"	35204	35200	35200	35200	34949	34949	"Venkataraman"
