"Original.Reads"	"Filtered.Reads"	"Denoised.Reads"	"tabled"	"Non.chimeric.Reads"	"pseq"	"study"
"SRR6668343_1"	54570	54550	54550	54550	53720	53677	"study"
"SRR6668344_1"	43525	43501	43501	43501	40729	40702	"study"
"SRR6668345_1"	36919	36897	36897	36897	36132	36114	"study"
"SRR6668346_1"	34542	34540	34540	34540	33743	33737	"study"
"SRR6668347_1"	45024	45013	45013	45013	44330	44318	"study"
"SRR6668348_1"	44669	44661	44661	44661	44465	44421	"study"
"SRR6668349_1"	46390	46382	46382	46382	45991	45960	"study"
"SRR6668350_1"	34084	34071	34071	34071	33372	33362	"study"
"SRR6668351_1"	31769	31753	31753	31753	31401	31364	"study"
"SRR6668352_1"	31861	31857	31857	31857	31399	31378	"study"
"SRR6668353_1"	40365	40342	40342	40342	39991	39955	"study"
"SRR6668354_1"	51166	51143	51143	51143	48706	48681	"study"
"SRR6668355_1"	54618	54606	54606	54606	53912	53910	"study"
"SRR6668356_1"	59469	59456	59456	59456	58752	58742	"study"
"SRR6668357_1"	40254	40242	40242	40242	39857	39817	"study"
"SRR6668358_1"	43779	43762	43762	43762	43359	43346	"study"
"SRR6668359_1"	29709	29698	29698	29698	29170	29162	"study"
"SRR6668360_1"	32398	32383	32383	32383	31688	31661	"study"
"SRR6668361_1"	48115	48099	48099	48099	47428	47420	"study"
"SRR6668362_1"	38806	38804	38804	38804	38540	38506	"study"
"SRR6668363_1"	44358	44349	44349	44349	44225	44214	"study"
"SRR6668364_1"	24691	24681	24681	24681	22673	22659	"study"
"SRR6668365_1"	55138	55123	55123	55123	54606	54597	"study"
"SRR6668366_1"	36136	36128	36128	36128	35754	35745	"study"
"SRR6668367_1"	56832	56806	56806	56806	55502	55476	"study"
"SRR6668368_1"	49174	49136	49136	49136	48717	48693	"study"
"SRR6668369_1"	53606	53580	53580	53580	51430	51376	"study"
"SRR6668370_1"	34015	34004	34004	34004	33496	33480	"study"
"SRR6668371_1"	38574	38558	38558	38558	37959	37931	"study"
"SRR6668372_1"	38147	38134	38134	38134	37461	37440	"study"
"SRR6668373_1"	59456	59438	59438	59438	58657	58639	"study"
"SRR6668374_1"	48432	48416	48416	48416	46384	46384	"study"
"SRR6668375_1"	34441	34428	34428	34428	34082	34048	"study"
"SRR6668376_1"	47376	47365	47365	47365	47114	47085	"study"
"SRR6668377_1"	51016	50982	50982	50982	49700	49677	"study"
"SRR6668378_1"	39097	39078	39078	39078	37902	37892	"study"
"SRR6668379_1"	46350	46320	46320	46320	46107	46071	"study"
"SRR6668380_1"	40142	40112	40112	40112	39707	39679	"study"
"SRR6668381_1"	29754	29742	29742	29742	28919	28723	"study"
"SRR6668382_1"	33072	33048	33048	33048	32431	32402	"study"
"SRR6668383_1"	44762	44746	44746	44746	43997	43969	"study"
"SRR6668384_1"	38690	38676	38676	38676	35915	35872	"study"
"SRR6668385_1"	45601	45573	45573	45573	45172	45139	"study"
"SRR6668386_1"	42961	42937	42937	42937	42326	42315	"study"
"SRR6668387_1"	35796	35783	35783	35783	34940	34918	"study"
"SRR6668388_1"	45677	45648	45648	45648	43080	43063	"study"
"SRR6668389_1"	41898	41890	41890	41890	40829	40827	"study"
"SRR6668390_1"	46151	46138	46138	46138	41772	41764	"study"
"SRR6668391_1"	48608	48595	48595	48595	48064	48037	"study"
"SRR6668392_1"	41897	41888	41888	41888	40691	40668	"study"
"SRR6668393_1"	63182	63165	63165	63165	62122	62096	"study"
"SRR6668394_1"	51340	51320	51320	51320	49091	49023	"study"
"SRR6668395_1"	42648	42628	42628	42628	41852	41831	"study"
"SRR6668396_1"	41436	41431	41431	41431	40054	40044	"study"
"SRR6668397_1"	51762	51745	51745	51745	50923	50909	"study"
"SRR6668398_1"	43031	43016	43016	43016	42583	42542	"study"
"SRR6668399_1"	47961	47944	47944	47944	47064	47024	"study"
"SRR6668400_1"	210	210	210	210	210	210	"study"
"SRR6668401_1"	43224	43211	43211	43211	42284	42269	"study"
"SRR6668402_1"	49949	49915	49915	49915	48557	48531	"study"
"SRR6668403_1"	40558	40541	40541	40541	39613	39590	"study"
"SRR6668404_1"	43685	43678	43678	43678	43219	43180	"study"
"SRR6668405_1"	38528	38511	38511	38511	37566	37543	"study"
"SRR6668406_1"	29942	29938	29938	29938	29626	29605	"study"
"SRR6668407_1"	44337	44324	44324	44324	43158	43127	"study"
"SRR6668408_1"	35641	35631	35631	35631	33093	33063	"study"
"SRR6668409_1"	44757	44744	44744	44744	43802	43796	"study"
"SRR6668410_1"	58540	58519	58519	58519	57723	57721	"study"
"SRR6668411_1"	43532	43520	43520	43520	43337	43337	"study"
"SRR6668412_1"	50457	50445	50445	50445	50064	50009	"study"
"SRR6668413_1"	48990	48979	48979	48979	47567	47560	"study"
"SRR6668414_1"	68564	68534	68534	68534	67004	66943	"study"
"SRR6668415_1"	39967	39955	39955	39955	39292	39263	"study"
"SRR6668416_1"	49378	49355	49355	49355	48151	48106	"study"
"SRR6668417_1"	47186	47160	47160	47160	46489	46447	"study"
"SRR6668418_1"	32486	32475	32475	32475	30637	30618	"study"
"SRR6668419_1"	28411	28405	28405	28405	27813	27809	"study"
"SRR6668420_1"	34079	34068	34068	34068	33674	33662	"study"
"SRR6668421_1"	45105	45085	45085	45085	43621	43615	"study"
"SRR6668422_1"	41781	41759	41759	41759	41050	41024	"study"
"SRR6668423_1"	37394	37375	37375	37375	37289	37269	"study"
"SRR6668424_1"	33995	33982	33982	33982	33747	33726	"study"
"SRR6668425_1"	43081	43065	43065	43065	42055	42047	"study"
"SRR6668426_1"	56932	56904	56904	56904	56420	56402	"study"
"SRR6668427_1"	44935	44922	44922	44922	42884	42872	"study"
"SRR6668428_1"	47376	47358	47358	47358	46902	46882	"study"
"SRR6668429_1"	23469	23464	23464	23464	22272	22258	"study"
"SRR6668430_1"	40686	40677	40677	40677	40224	40217	"study"
"SRR6668431_1"	41797	41788	41788	41788	41388	41359	"study"
"SRR6668432_1"	42360	42346	42346	42346	42201	42140	"study"
"SRR6668433_1"	39438	39423	39423	39423	38156	38138	"study"
"SRR6668434_1"	47572	47558	47558	47558	46562	46495	"study"
"SRR6668435_1"	46626	46610	46610	46610	44369	44350	"study"
"SRR6668436_1"	42717	42701	42701	42701	41039	41025	"study"
"SRR6668437_1"	42563	42547	42547	42547	41614	41605	"study"
"SRR6668438_1"	49959	49947	49947	49947	47871	47844	"study"
"SRR6668439_1"	51568	51530	51530	51530	49237	49215	"study"
"SRR6668440_1"	49320	49294	49294	49294	48776	48770	"study"
"SRR6668441_1"	55055	55012	55012	55012	53640	53626	"study"
"SRR6668442_1"	60198	60164	60164	60164	59242	59236	"study"
"SRR6668443_1"	41561	41553	41553	41553	41021	41014	"study"
"SRR6668444_1"	37708	37696	37696	37696	37198	37187	"study"
"SRR6668445_1"	37564	37544	37544	37544	36707	36701	"study"
"SRR6668446_1"	29930	29916	29916	29916	28751	28745	"study"
"SRR6668447_1"	56966	56954	56954	56954	55508	55490	"study"
"SRR6668448_1"	58696	58678	58678	58678	57028	57026	"study"
"SRR6668449_1"	34970	34960	34960	34960	34297	34278	"study"
"SRR6668450_1"	44920	44895	44895	44895	44268	44256	"study"
"SRR6668451_1"	48222	48205	48205	48205	47794	47730	"study"
"SRR6668452_1"	50997	50966	50966	50966	50270	50247	"study"
"SRR6668453_1"	41063	41046	41046	41046	38002	37960	"study"
"SRR6668454_1"	46615	46600	46600	46600	44181	44153	"study"
"SRR6668455_1"	34289	34275	34275	34275	33901	33881	"study"
"SRR6668456_1"	50742	50717	50717	50717	48341	48000	"study"
"SRR6668457_1"	40975	40952	40952	40952	40727	40695	"study"
"SRR6668458_1"	45303	45282	45282	45282	45059	45047	"study"
"SRR6668459_1"	52865	52858	52858	52858	51557	51557	"study"
"SRR6668460_1"	45149	45138	45138	45138	43997	43987	"study"
"SRR6668461_1"	41964	41957	41957	41957	41118	41103	"study"
"SRR6668462_1"	45591	45581	45581	45581	44972	44961	"study"
"SRR6668463_1"	34085	34061	34061	34061	32817	32799	"study"
"SRR6668464_1"	30479	30467	30467	30467	29815	29786	"study"
"SRR6668465_1"	43675	43659	43659	43659	42810	42769	"study"
"SRR6668466_1"	29256	29248	29248	29248	28731	28704	"study"
"SRR6668467_1"	45158	45144	45144	45144	43911	43878	"study"
"SRR6668468_1"	49282	49264	49264	49264	47974	47962	"study"
"SRR6668469_1"	54341	54331	54331	54331	52967	52964	"study"
"SRR6668470_1"	75078	75051	75051	75051	72070	72043	"study"
"SRR6668471_1"	50551	50529	50529	50529	49039	49013	"study"
"SRR6668472_1"	34808	34795	34795	34795	34387	34304	"study"
"SRR6668473_1"	41053	41033	41033	41033	40346	40301	"study"
"SRR6668474_1"	34942	34920	34920	34920	34656	34652	"study"
"SRR6668475_1"	51646	51633	51633	51633	50136	50127	"study"
"SRR6668476_1"	47587	47564	47564	47564	47048	47022	"study"
"SRR6668477_1"	48304	48289	48289	48289	47323	47264	"study"
"SRR6668478_1"	47588	47573	47573	47573	44045	44008	"study"
"SRR6668479_1"	59160	59146	59146	59146	57143	57143	"study"
"SRR6668480_1"	40786	40769	40769	40769	40389	40352	"study"
"SRR6668481_1"	39721	39707	39707	39707	39297	39280	"study"
"SRR6668482_1"	66248	66227	66227	66227	65245	65232	"study"
"SRR6668483_1"	37035	37021	37021	37021	36524	36496	"study"
"SRR6668484_1"	41435	41419	41419	41419	40625	40575	"study"
"SRR6668485_1"	64401	64381	64381	64381	62756	62754	"study"
"SRR6668486_1"	39283	39273	39273	39273	38268	38256	"study"
