"Original.Reads"	"Filtered.Reads"	"Denoised.Reads"	"tabled"	"Non.chimeric.Reads"	"pseq"	"study"
"SRR6312422_1"	60785	60568	60568	60568	57659	57659	"Yan"
"SRR6312423_1"	65386	65088	65088	65088	63250	63248	"Yan"
"SRR6312424_1"	60421	60154	60154	60154	58126	58126	"Yan"
"SRR6312425_1"	66755	66492	66492	66492	64604	64604	"Yan"
"SRR6312426_1"	66370	66112	66112	66112	64272	64272	"Yan"
"SRR6312427_1"	70000	69674	69674	69674	67285	67282	"Yan"
"SRR6312428_1"	64523	64155	64155	64155	61916	61916	"Yan"
"SRR6312429_1"	69133	68796	68796	68796	67281	67281	"Yan"
"SRR6312430_1"	70878	70413	70413	70413	68170	68170	"Yan"
"SRR6312431_1"	65338	64966	64966	64966	63682	63682	"Yan"
"SRR6312432_1"	929	912	912	912	912	912	"Yan"
"SRR6312433_1"	26358	26265	26265	26265	26265	26057	"Yan"
"SRR6312434_1"	19276	16498	16498	16498	16498	607	"Yan"
"SRR6312435_1"	37696	37400	37400	37400	37337	36485	"Yan"
"SRR6312436_1"	256	246	246	246	246	246	"Yan"
"SRR6312437_1"	475	450	450	450	450	450	"Yan"
"SRR6312438_1"	1140	1093	1093	1093	1093	1093	"Yan"
"SRR6312439_1"	1285	1275	1275	1275	1275	1275	"Yan"
"SRR6312440_1"	413	392	392	392	392	392	"Yan"
"SRR6312441_1"	7719	7608	7608	7608	7608	6992	"Yan"
"SRR6312442_1"	61621	61304	61304	61304	59630	59630	"Yan"
"SRR6312443_1"	57276	56962	56962	56962	55598	55596	"Yan"
"SRR6312444_1"	54937	54695	54695	54695	53224	53224	"Yan"
"SRR6312445_1"	64010	63686	63686	63686	61698	61698	"Yan"
"SRR6312446_1"	68378	68010	68010	68010	65360	65358	"Yan"
"SRR6312447_1"	59588	59329	59329	59329	56440	56440	"Yan"
"SRR6312448_1"	57061	56840	56840	56840	55365	55365	"Yan"
"SRR6312449_1"	62979	62673	62673	62673	61046	61046	"Yan"
"SRR6312450_1"	61748	61464	61464	61464	59316	59316	"Yan"
"SRR6312451_1"	65778	65497	65497	65497	63671	63671	"Yan"
"SRR6312452_1"	69669	69444	69444	69444	67189	67184	"Yan"
"SRR6312453_1"	73067	72872	72872	72872	71196	71191	"Yan"
"SRR6312454_1"	76599	76230	76230	76230	73629	73622	"Yan"
"SRR6312455_1"	70763	70395	70395	70395	67562	67559	"Yan"
"SRR6312456_1"	68428	68008	68008	68008	65903	65903	"Yan"
"SRR6312457_1"	64791	64482	64482	64482	62214	62212	"Yan"
"SRR6312458_1"	63092	62929	62929	62929	61375	61375	"Yan"
"SRR6312459_1"	67358	67179	67179	67179	65066	65066	"Yan"
"SRR6312460_1"	69167	68958	68958	68958	65210	65210	"Yan"
"SRR6312461_1"	76777	76575	76575	76575	71745	71745	"Yan"
"SRR6312462_1"	65936	65607	65607	65607	63313	63308	"Yan"
"SRR6312463_1"	64685	64327	64327	64327	62337	62332	"Yan"
"SRR6312464_1"	59018	58677	58677	58677	56971	56966	"Yan"
"SRR6312465_1"	67672	67335	67335	67335	64518	64518	"Yan"
"SRR6312466_1"	69299	68878	68878	68878	66404	66402	"Yan"
"SRR6312467_1"	220807	220062	220062	220062	206318	205270	"Yan"
"SRR6312468_1"	216775	216193	216193	216193	202773	202138	"Yan"
"SRR6312469_1"	209240	208604	208604	208604	193752	193249	"Yan"
"SRR6312470_1"	252970	252229	252229	252229	235695	234993	"Yan"
"SRR6312471_1"	72414	72211	72211	72211	69989	69983	"Yan"
"SRR6312472_1"	73163	72972	72972	72972	70683	70677	"Yan"
"SRR6312473_1"	61661	60993	60993	60993	59658	59658	"Yan"
"SRR6312474_1"	66461	65766	65766	65766	63727	63727	"Yan"
"SRR6312475_1"	49888	49608	49608	49608	46823	46823	"Yan"
"SRR6312476_1"	61363	61045	61045	61045	58214	58214	"Yan"
"SRR6312477_1"	62676	62096	62096	62096	60497	60497	"Yan"
"SRR6312478_1"	63069	62471	62471	62471	60353	60353	"Yan"
"SRR6312479_1"	65071	64668	64668	64668	61902	61902	"Yan"
"SRR6312480_1"	59349	58989	58989	58989	57338	57336	"Yan"
"SRR6312481_1"	57495	57217	57217	57217	53810	53810	"Yan"
"SRR6312482_1"	53795	53546	53546	53546	50747	50747	"Yan"
"SRR6312483_1"	234543	233217	233217	233217	217372	216594	"Yan"
"SRR6312484_1"	199911	198997	198997	198997	186784	186107	"Yan"
"SRR6312485_1"	155586	155179	155179	155179	150623	149956	"Yan"
"SRR6312486_1"	152120	151774	151774	151774	147940	147304	"Yan"
"SRR6312487_1"	195642	195139	195139	195139	192883	191998	"Yan"
"SRR6312488_1"	177472	176965	176965	176965	173144	172143	"Yan"
"SRR6312489_1"	254079	252872	252872	252872	237415	236551	"Yan"
"SRR6312490_1"	240650	239624	239624	239624	223993	223336	"Yan"
"SRR6312491_1"	212450	211577	211577	211577	197110	196409	"Yan"
"SRR6312492_1"	193861	193096	193096	193096	181675	181119	"Yan"
"SRR6312493_1"	53236	53003	53003	53003	51224	51224	"Yan"
"SRR6312494_1"	246220	245579	245579	245579	232013	231363	"Yan"
"SRR6312495_1"	261388	260697	260697	260697	244162	242816	"Yan"
"SRR6312496_1"	233310	232237	232237	232237	210890	210159	"Yan"
"SRR6312497_1"	177772	176816	176816	176816	162423	161853	"Yan"
"SRR6312498_1"	182047	181060	181060	181060	170459	169908	"Yan"
"SRR6312499_1"	206010	204912	204912	204912	194746	193942	"Yan"
"SRR6312500_1"	59702	59523	59523	59523	55639	55634	"Yan"
"SRR6312501_1"	66873	66671	66671	66671	64192	64146	"Yan"
"SRR6312502_1"	61975	61791	61791	61791	59225	59186	"Yan"
"SRR6312503_1"	77396	77159	77159	77159	73972	73910	"Yan"
"SRR6312504_1"	239017	237656	237656	237656	221266	220371	"Yan"
"SRR6312505_1"	225267	224031	224031	224031	210205	208536	"Yan"
"SRR6312506_1"	55964	55753	55753	55753	53393	53393	"Yan"
"SRR6312507_1"	61195	60921	60921	60921	57671	57668	"Yan"
"SRR6312508_1"	66830	66613	66613	66613	63433	63430	"Yan"
"SRR6312509_1"	76504	76203	76203	76203	71642	71642	"Yan"
"SRR6312510_1"	77654	77207	77207	77207	74707	74704	"Yan"
"SRR6312511_1"	67956	67691	67691	67691	64339	64336	"Yan"
"SRR6312512_1"	64504	64162	64162	64162	61656	61650	"Yan"
"SRR6312513_1"	80558	80002	80002	80002	77014	77010	"Yan"
"SRR6312514_1"	70195	69956	69956	69956	66991	66989	"Yan"
"SRR6312515_1"	78600	78208	78208	78208	74962	74962	"Yan"
"SRR6312516_1"	80039	79632	79632	79632	76659	76644	"Yan"
"SRR6312517_1"	74348	73953	73953	73953	71529	71527	"Yan"
"SRR6312518_1"	72001	71594	71594	71594	69481	69479	"Yan"
"SRR6312519_1"	65921	65525	65525	65525	63540	63507	"Yan"
"SRR6312520_1"	69131	68753	68753	68753	65928	65928	"Yan"
"SRR6312521_1"	55003	54769	54769	54769	52872	52866	"Yan"
"SRR6312522_1"	60613	60199	60199	60199	58462	58455	"Yan"
"SRR6312523_1"	68514	68059	68059	68059	66192	66184	"Yan"
"SRR6312524_1"	71682	71360	71360	71360	68627	68623	"Yan"
"SRR6312525_1"	49894	49736	49736	49736	47875	47873	"Yan"
"SRR6312526_1"	51526	51288	51288	51288	50047	50047	"Yan"
"SRR6312527_1"	63934	63597	63597	63597	62060	62060	"Yan"
"SRR6312528_1"	59142	58836	58836	58836	57470	57470	"Yan"
"SRR6312529_1"	64362	64141	64141	64141	62370	62350	"Yan"
"SRR6312530_1"	64747	64508	64508	64508	60769	60769	"Yan"
"SRR6312531_1"	57392	57156	57156	57156	54842	54842	"Yan"
"SRR6312532_1"	69023	68684	68684	68684	66910	66910	"Yan"
"SRR6312533_1"	63148	62861	62861	62861	61092	61092	"Yan"
"SRR6312534_1"	177523	177046	177046	177046	161263	160758	"Yan"
"SRR6312535_1"	131014	130637	130637	130637	119634	119215	"Yan"
"SRR6312536_1"	64610	64328	64328	64328	62131	62119	"Yan"
"SRR6312537_1"	244400	243740	243740	243740	233042	232293	"Yan"
"SRR6312538_1"	238257	237490	237490	237490	225759	225061	"Yan"
"SRR6312539_1"	202612	201842	201842	201842	182687	182004	"Yan"
"SRR6312540_1"	168080	167355	167355	167355	152191	151170	"Yan"
"SRR6312541_1"	159631	159134	159134	159134	148483	148090	"Yan"
"SRR6312542_1"	199668	199050	199050	199050	185310	184601	"Yan"
"SRR6312543_1"	209533	208847	208847	208847	196423	195503	"Yan"
"SRR6312544_1"	208408	207650	207650	207650	191883	190558	"Yan"
"SRR6312545_1"	74790	74391	74391	74391	72253	72230	"Yan"
"SRR6312546_1"	71271	70985	70985	70985	68254	68254	"Yan"
"SRR6312547_1"	66359	66055	66055	66055	64336	64336	"Yan"
"SRR6312548_1"	67351	66985	66985	66985	64924	64915	"Yan"
"SRR6312549_1"	66724	66242	66242	66242	63194	63192	"Yan"
"SRR6312550_1"	70948	70581	70581	70581	67979	67966	"Yan"
"SRR6312551_1"	63213	62896	62896	62896	59755	59755	"Yan"
"SRR6312552_1"	59572	59324	59324	59324	55581	55581	"Yan"
"SRR6312553_1"	71874	71542	71542	71542	70151	70149	"Yan"
"SRR6312554_1"	64140	63859	63859	63859	62710	62708	"Yan"
"SRR6312555_1"	78393	77893	77893	77893	75094	75084	"Yan"
"SRR6312556_1"	78425	77998	77998	77998	75298	75296	"Yan"
"SRR6312557_1"	63301	62990	62990	62990	61484	61484	"Yan"
"SRR6312558_1"	65433	65150	65150	65150	61770	61770	"Yan"
"SRR6312559_1"	57870	57632	57632	57632	55656	55656	"Yan"
"SRR6312560_1"	70819	70430	70430	70430	67609	67605	"Yan"
"SRR6312561_1"	70299	69959	69959	69959	67106	67099	"Yan"
"SRR6312562_1"	61486	61327	61327	61327	58670	58670	"Yan"
"SRR6312563_1"	76841	76611	76611	76611	73043	73043	"Yan"
"SRR6312564_1"	63512	63228	63228	63228	61283	61280	"Yan"
"SRR6312565_1"	61934	61703	61703	61703	58886	58886	"Yan"
"SRR6312566_1"	62320	62098	62098	62098	58253	58251	"Yan"
"SRR6312567_1"	50594	50443	50443	50443	47740	47740	"Yan"
"SRR6312568_1"	65100	64801	64801	64801	62054	62054	"Yan"
"SRR6312569_1"	66578	66323	66323	66323	63173	63173	"Yan"
"SRR6312570_1"	71768	71492	71492	71492	66798	66796	"Yan"
"SRR6312571_1"	63735	63479	63479	63479	59325	59325	"Yan"
"SRR6312572_1"	70851	70579	70579	70579	66250	66250	"Yan"
"SRR6312573_1"	72104	71829	71829	71829	67735	67735	"Yan"
"SRR6312574_1"	59387	59162	59162	59162	56700	56700	"Yan"
"SRR6312575_1"	70434	70140	70140	70140	66666	66666	"Yan"
"SRR6312576_1"	58506	58258	58258	58258	55238	55238	"Yan"
"SRR6312577_1"	55725	55518	55518	55518	52583	52583	"Yan"
"SRR6312578_1"	61869	61490	61490	61490	59724	59717	"Yan"
"SRR6312579_1"	78487	78008	78008	78008	74666	74660	"Yan"
"SRR6312580_1"	64993	64602	64602	64602	62295	62289	"Yan"
"SRR6312581_1"	71482	71019	71019	71019	68874	68871	"Yan"
"SRR6312582_1"	73814	73523	73523	73523	70123	70026	"Yan"
"SRR6312583_1"	68892	68571	68571	68571	66662	66499	"Yan"
"SRR6312584_1"	50908	50738	50738	50738	48946	48946	"Yan"
"SRR6312585_1"	56022	55821	55821	55821	53724	53719	"Yan"
"SRR6312586_1"	61304	61148	61148	61148	58546	58546	"Yan"
"SRR6312587_1"	63665	63455	63455	63455	60602	60600	"Yan"
"SRR6312588_1"	61437	61163	61163	61163	58375	58310	"Yan"
"SRR6312589_1"	60130	59885	59885	59885	57876	57806	"Yan"
"SRR6312590_1"	143976	138251	138251	138251	128718	97892	"Yan"
"SRR6312591_1"	148418	143532	143532	143532	135883	105579	"Yan"
"SRR6312592_1"	178	167	167	167	167	167	"Yan"
"SRR6312593_1"	259	254	254	254	254	254	"Yan"
"SRR6312594_1"	1378	1353	1353	1353	1353	1353	"Yan"
"SRR6312595_1"	5100	5057	5057	5057	5057	5055	"Yan"
"SRR6312596_1"	460	425	425	425	425	274	"Yan"
"SRR6312597_1"	597	578	578	578	578	470	"Yan"
